# metadata_json,"{""task"":""take_21cm_data"",""timestamp_utc"":""2026-06-17T00:39:11.813376+00:00"",""target_name"":""galactic_plane"",""scan_index"":10,""scan_count"":20,""frequency_index"":4,""frequency_count"":5,""center_freq_hz"":1421205800,""settle_samples"":262144,""num_integrations"":30,""iterations"":30,""sdr"":{""sample_rate_hz"":2400000,""gain_db"":36.4,""bias_t"":true}}"
frequency_hz,frequency_mhz,psd_linear_per_hz
1420006000.000,1420.006000000,7.487972856318e-10
1420006585.938,1420.006585937,7.862056734037e-10
1420007171.875,1420.007171875,7.977907290557e-10
1420007757.812,1420.007757812,7.614372978943e-10
1420008343.750,1420.008343750,7.769707391456e-10
1420008929.688,1420.008929688,7.908464544134e-10
1420009515.625,1420.009515625,7.429554464520e-10
1420010101.562,1420.010101563,7.222952609743e-10
1420010687.500,1420.010687500,7.599411249829e-10
1420011273.438,1420.011273437,7.466264607242e-10
1420011859.375,1420.011859375,7.172322098108e-10
1420012445.312,1420.012445312,7.183872041865e-10
1420013031.250,1420.013031250,7.177394920159e-10
1420013617.188,1420.013617187,6.809392842062e-10
1420014203.125,1420.014203125,6.748271048661e-10
1420014789.062,1420.014789063,7.060462824085e-10
1420015375.000,1420.015375000,6.848922388240e-10
1420015960.938,1420.015960938,6.383547864886e-10
1420016546.875,1420.016546875,6.518819364017e-10
1420017132.812,1420.017132812,6.612628874806e-10
1420017718.750,1420.017718750,6.478626113770e-10
1420018304.688,1420.018304687,6.569357291275e-10
1420018890.625,1420.018890625,6.962849375528e-10
1420019476.562,1420.019476562,7.192533860248e-10
1420020062.500,1420.020062500,6.956215404551e-10
1420020648.438,1420.020648438,7.083437620609e-10
1420021234.375,1420.021234375,7.091289449146e-10
1420021820.312,1420.021820313,7.035304371545e-10
1420022406.250,1420.022406250,7.485279670126e-10
1420022992.188,1420.022992187,7.843059275029e-10
1420023578.125,1420.023578125,7.894203950995e-10
1420024164.062,1420.024164062,7.430720669394e-10
1420024750.000,1420.024750000,7.246769156598e-10
1420025335.938,1420.025335937,7.229870503265e-10
1420025921.875,1420.025921875,7.267581339206e-10
1420026507.812,1420.026507813,7.419775201654e-10
1420027093.750,1420.027093750,7.347466227174e-10
1420027679.688,1420.027679688,7.130304504700e-10
1420028265.625,1420.028265625,7.024367800027e-10
1420028851.562,1420.028851562,6.998503035897e-10
1420029437.500,1420.029437500,6.877155606270e-10
1420030023.438,1420.030023437,6.679893783503e-10
1420030609.375,1420.030609375,6.639886470991e-10
1420031195.312,1420.031195312,6.601509976682e-10
1420031781.250,1420.031781250,6.480145919739e-10
1420032367.188,1420.032367188,6.463895449691e-10
1420032953.125,1420.032953125,6.568048198623e-10
1420033539.062,1420.033539063,6.531251441745e-10
1420034125.000,1420.034125000,6.594451955110e-10
1420034710.938,1420.034710937,6.758059619645e-10
1420035296.875,1420.035296875,6.933034570951e-10
1420035882.812,1420.035882812,6.908544038554e-10
1420036468.750,1420.036468750,7.103546153798e-10
1420037054.688,1420.037054687,7.133187611388e-10
1420037640.625,1420.037640625,7.412825589130e-10
1420038226.562,1420.038226563,7.128209775696e-10
1420038812.500,1420.038812500,7.185369004767e-10
1420039398.438,1420.039398438,6.989003543503e-10
1420039984.375,1420.039984375,7.141080655463e-10
1420040570.312,1420.040570312,7.126246834263e-10
1420041156.250,1420.041156250,6.809688526978e-10
1420041742.188,1420.041742187,6.595140980326e-10
1420042328.125,1420.042328125,6.416282464551e-10
1420042914.062,1420.042914062,6.632639611928e-10
1420043500.000,1420.043500000,6.510956339571e-10
1420044085.938,1420.044085938,6.652772324755e-10
1420044671.875,1420.044671875,6.835222407148e-10
1420045257.812,1420.045257813,6.437621976520e-10
1420045843.750,1420.045843750,6.473797539359e-10
1420046429.688,1420.046429687,6.535418526634e-10
1420047015.625,1420.047015625,6.276421595407e-10
1420047601.562,1420.047601562,6.165002536557e-10
1420048187.500,1420.048187500,6.461444878768e-10
1420048773.438,1420.048773437,6.447795564691e-10
1420049359.375,1420.049359375,6.412877537526e-10
1420049945.312,1420.049945313,6.508753591333e-10
1420050531.250,1420.050531250,6.489166040064e-10
1420051117.188,1420.051117188,6.700296459756e-10
1420051703.125,1420.051703125,6.757688855592e-10
1420052289.062,1420.052289062,6.919371074850e-10
1420052875.000,1420.052875000,7.528356627542e-10
1420053460.938,1420.053460937,7.467311655181e-10
1420054046.875,1420.054046875,7.265736245962e-10
1420054632.812,1420.054632812,7.434257862923e-10
1420055218.750,1420.055218750,7.048641640359e-10
1420055804.688,1420.055804688,6.806920127461e-10
1420056390.625,1420.056390625,6.799765344946e-10
1420056976.562,1420.056976563,6.993916221762e-10
1420057562.500,1420.057562500,6.735249789612e-10
1420058148.438,1420.058148437,6.148794681001e-10
1420058734.375,1420.058734375,6.113837034628e-10
1420059320.312,1420.059320312,6.241339475762e-10
1420059906.250,1420.059906250,6.079320336673e-10
1420060492.188,1420.060492187,6.052659908324e-10
1420061078.125,1420.061078125,6.286769326049e-10
1420061664.062,1420.061664063,6.275625259899e-10
1420062250.000,1420.062250000,5.819914764839e-10
1420062835.938,1420.062835938,5.985873212082e-10
1420063421.875,1420.063421875,6.220267360572e-10
1420064007.812,1420.064007812,6.359043086442e-10
1420064593.750,1420.064593750,6.396692532036e-10
1420065179.688,1420.065179687,6.502242215832e-10
1420065765.625,1420.065765625,6.553894319740e-10
1420066351.562,1420.066351562,6.620383672861e-10
1420066937.500,1420.066937500,6.890112685254e-10
1420067523.438,1420.067523438,6.818790906168e-10
1420068109.375,1420.068109375,6.734941171007e-10
1420068695.312,1420.068695313,6.616101034744e-10
1420069281.250,1420.069281250,6.840914322794e-10
1420069867.188,1420.069867187,6.826507825665e-10
1420070453.125,1420.070453125,6.781894976208e-10
1420071039.062,1420.071039062,6.617831462456e-10
1420071625.000,1420.071625000,6.392727918470e-10
1420072210.938,1420.072210937,6.561206407683e-10
1420072796.875,1420.072796875,6.266355155570e-10
1420073382.812,1420.073382813,6.200013262791e-10
1420073968.750,1420.073968750,6.234290105285e-10
1420074554.688,1420.074554688,6.148769579080e-10
1420075140.625,1420.075140625,6.168146291442e-10
1420075726.562,1420.075726562,6.204411213075e-10
1420076312.500,1420.076312500,5.997561150945e-10
1420076898.438,1420.076898437,5.962392007202e-10
1420077484.375,1420.077484375,5.942649948528e-10
1420078070.312,1420.078070312,5.982625382656e-10
1420078656.250,1420.078656250,6.050337521998e-10
1420079242.188,1420.079242188,6.311026986616e-10
1420079828.125,1420.079828125,6.209427416257e-10
1420080414.062,1420.080414063,6.319255889392e-10
1420081000.000,1420.081000000,6.333979521787e-10
1420081585.938,1420.081585937,6.611314832936e-10
1420082171.875,1420.082171875,6.844816401847e-10
1420082757.812,1420.082757812,7.123235449837e-10
1420083343.750,1420.083343750,7.093717253324e-10
1420083929.688,1420.083929687,6.806344103189e-10
1420084515.625,1420.084515625,6.958250916360e-10
1420085101.562,1420.085101563,6.993780697465e-10
1420085687.500,1420.085687500,6.935327687002e-10
1420086273.438,1420.086273438,6.879591683938e-10
1420086859.375,1420.086859375,6.899032250581e-10
1420087445.312,1420.087445312,6.595836660798e-10
1420088031.250,1420.088031250,6.250190007656e-10
1420088617.188,1420.088617187,6.367869801610e-10
1420089203.125,1420.089203125,6.297137976222e-10
1420089789.062,1420.089789062,6.354746117301e-10
1420090375.000,1420.090375000,6.303986605483e-10
1420090960.938,1420.090960938,6.233939801898e-10
1420091546.875,1420.091546875,6.372527347060e-10
1420092132.812,1420.092132813,6.568241352573e-10
1420092718.750,1420.092718750,6.343537442764e-10
1420093304.688,1420.093304687,6.035216878658e-10
1420093890.625,1420.093890625,6.279130161208e-10
1420094476.562,1420.094476562,6.533358350812e-10
1420095062.500,1420.095062500,6.647976920386e-10
1420095648.438,1420.095648437,7.049451880306e-10
1420096234.375,1420.096234375,6.917217185713e-10
1420096820.312,1420.096820313,6.904009096911e-10
1420097406.250,1420.097406250,7.171333605792e-10
1420097992.188,1420.097992188,6.801586902423e-10
1420098578.125,1420.098578125,6.813354619637e-10
1420099164.062,1420.099164062,7.105950328116e-10
1420099750.000,1420.099750000,7.202048784117e-10
1420100335.938,1420.100335937,7.112259020812e-10
1420100921.875,1420.100921875,7.415191891826e-10
1420101507.812,1420.101507812,7.265630144483e-10
1420102093.750,1420.102093750,7.076844714551e-10
1420102679.688,1420.102679688,6.686347623392e-10
1420103265.625,1420.103265625,6.725716036311e-10
1420103851.562,1420.103851563,6.772267239521e-10
1420104437.500,1420.104437500,6.530887549943e-10
1420105023.438,1420.105023437,6.477939222351e-10
1420105609.375,1420.105609375,6.760580158515e-10
1420106195.312,1420.106195312,6.770912299215e-10
1420106781.250,1420.106781250,6.272549504437e-10
1420107367.188,1420.107367187,6.503261653738e-10
1420107953.125,1420.107953125,6.888020899247e-10
1420108539.062,1420.108539063,6.760751191237e-10
1420109125.000,1420.109125000,6.766632531279e-10
1420109710.938,1420.109710938,6.894027592757e-10
1420110296.875,1420.110296875,7.255038921801e-10
1420110882.812,1420.110882812,7.126314151990e-10
1420111468.750,1420.111468750,7.088677293572e-10
1420112054.688,1420.112054687,7.284205383761e-10
1420112640.625,1420.112640625,7.543420662941e-10
1420113226.562,1420.113226562,7.681583436695e-10
1420113812.500,1420.113812500,7.869937471603e-10
1420114398.438,1420.114398438,7.981639610142e-10
1420114984.375,1420.114984375,7.995009732791e-10
1420115570.312,1420.115570313,7.810602124055e-10
1420116156.250,1420.116156250,7.734570710720e-10
1420116742.188,1420.116742187,7.528766248429e-10
1420117328.125,1420.117328125,7.120543239034e-10
1420117914.062,1420.117914062,7.196947847534e-10
1420118500.000,1420.118500000,7.500812216812e-10
1420119085.938,1420.119085937,7.084584474212e-10
1420119671.875,1420.119671875,6.917160645211e-10
1420120257.812,1420.120257813,6.822810053657e-10
1420120843.750,1420.120843750,6.984688800515e-10
1420121429.688,1420.121429688,7.022452941142e-10
1420122015.625,1420.122015625,7.193046303661e-10
1420122601.562,1420.122601562,7.228894113586e-10
1420123187.500,1420.123187500,7.177192004568e-10
1420123773.438,1420.123773437,7.044759476014e-10
1420124359.375,1420.124359375,7.299079326850e-10
1420124945.312,1420.124945312,7.000746030873e-10
1420125531.250,1420.125531250,7.272155659395e-10
1420126117.188,1420.126117188,8.118511254043e-10
1420126703.125,1420.126703125,8.296037156093e-10
1420127289.062,1420.127289063,8.002730561328e-10
1420127875.000,1420.127875000,8.331658017348e-10
1420128460.938,1420.128460937,8.436183011480e-10
1420129046.875,1420.129046875,8.346559684340e-10
1420129632.812,1420.129632812,8.205134947606e-10
1420130218.750,1420.130218750,8.187149698134e-10
1420130804.688,1420.130804687,7.992923557021e-10
1420131390.625,1420.131390625,7.962116472029e-10
1420131976.562,1420.131976563,7.746330498304e-10
1420132562.500,1420.132562500,7.755007387230e-10
1420133148.438,1420.133148438,7.715679564870e-10
1420133734.375,1420.133734375,7.621730350644e-10
1420134320.312,1420.134320312,7.624545839620e-10
1420134906.250,1420.134906250,7.316224243735e-10
1420135492.188,1420.135492187,7.355778254921e-10
1420136078.125,1420.136078125,7.358250834528e-10
1420136664.062,1420.136664062,7.440337307980e-10
1420137250.000,1420.137250000,7.639754785990e-10
1420137835.938,1420.137835938,7.713663979999e-10
1420138421.875,1420.138421875,7.631907465805e-10
1420139007.812,1420.139007813,7.862746053215e-10
1420139593.750,1420.139593750,8.332788536075e-10
1420140179.688,1420.140179687,8.193593264987e-10
1420140765.625,1420.140765625,8.385402257496e-10
1420141351.562,1420.141351562,8.683237380641e-10
1420141937.500,1420.141937500,8.555366248581e-10
1420142523.438,1420.142523437,8.652588002953e-10
1420143109.375,1420.143109375,9.120385812277e-10
1420143695.312,1420.143695313,9.483888313057e-10
1420144281.250,1420.144281250,9.433231758596e-10
1420144867.188,1420.144867188,8.640483212255e-10
1420145453.125,1420.145453125,8.612911723059e-10
1420146039.062,1420.146039062,8.686059646838e-10
1420146625.000,1420.146625000,8.406088755938e-10
1420147210.938,1420.147210937,8.158344342160e-10
1420147796.875,1420.147796875,8.561638856719e-10
1420148382.812,1420.148382812,8.515930151520e-10
1420148968.750,1420.148968750,7.737070022117e-10
1420149554.688,1420.149554688,7.708004092686e-10
1420150140.625,1420.150140625,8.059435446297e-10
1420150726.562,1420.150726563,7.786017384514e-10
1420151312.500,1420.151312500,7.658404428568e-10
1420151898.438,1420.151898437,7.919399757077e-10
1420152484.375,1420.152484375,7.721716716954e-10
1420153070.312,1420.153070312,7.416281697500e-10
1420153656.250,1420.153656250,7.682402931254e-10
1420154242.188,1420.154242187,8.335605005137e-10
1420154828.125,1420.154828125,8.466803161395e-10
1420155414.062,1420.155414063,8.512304531937e-10
1420156000.000,1420.156000000,8.634923072066e-10
1420156585.938,1420.156585938,8.428663174707e-10
1420157171.875,1420.157171875,8.702680295299e-10
1420157757.812,1420.157757812,9.327723666930e-10
1420158343.750,1420.158343750,9.379382078155e-10
1420158929.688,1420.158929687,9.334519574073e-10
1420159515.625,1420.159515625,9.052330530468e-10
1420160101.562,1420.160101562,8.899456609337e-10
1420160687.500,1420.160687500,8.800174956559e-10
1420161273.438,1420.161273438,9.062795968245e-10
1420161859.375,1420.161859375,9.213000395134e-10
1420162445.312,1420.162445313,9.139044616951e-10
1420163031.250,1420.163031250,8.745895319457e-10
1420163617.188,1420.163617187,8.576279945000e-10
1420164203.125,1420.164203125,8.584942299575e-10
1420164789.062,1420.164789062,8.749341865562e-10
1420165375.000,1420.165375000,8.496689451041e-10
1420165960.938,1420.165960937,8.490338137460e-10
1420166546.875,1420.166546875,8.567708508182e-10
1420167132.812,1420.167132813,8.475554992022e-10
1420167718.750,1420.167718750,8.368808327062e-10
1420168304.688,1420.168304688,8.704283692371e-10
1420168890.625,1420.168890625,9.026617498584e-10
1420169476.562,1420.169476562,9.303496268175e-10
1420170062.500,1420.170062500,9.018657318522e-10
1420170648.438,1420.170648437,8.769903535457e-10
1420171234.375,1420.171234375,9.212776306631e-10
1420171820.312,1420.171820312,9.574943821552e-10
1420172406.250,1420.172406250,1.008175183653e-09
1420172992.188,1420.172992188,9.908066094752e-10
1420173578.125,1420.173578125,9.824944540308e-10
1420174164.062,1420.174164063,9.764335348736e-10
1420174750.000,1420.174750000,9.672614086664e-10
1420175335.938,1420.175335937,9.522955200154e-10
1420175921.875,1420.175921875,9.385788935121e-10
1420176507.812,1420.176507812,9.794270110746e-10
1420177093.750,1420.177093750,9.796535792306e-10
1420177679.688,1420.177679687,9.594373670020e-10
1420178265.625,1420.178265625,9.693507383386e-10
1420178851.562,1420.178851563,9.329503337969e-10
1420179437.500,1420.179437500,9.234709379672e-10
1420180023.438,1420.180023438,8.838834777403e-10
1420180609.375,1420.180609375,8.808793136854e-10
1420181195.312,1420.181195312,9.088625367130e-10
1420181781.250,1420.181781250,9.187112155755e-10
1420182367.188,1420.182367187,9.062434853884e-10
1420182953.125,1420.182953125,9.129358275421e-10
1420183539.062,1420.183539062,9.397440978696e-10
1420184125.000,1420.184125000,9.470450760330e-10
1420184710.938,1420.184710938,9.730318314246e-10
1420185296.875,1420.185296875,1.032400813876e-09
1420185882.812,1420.185882813,1.077154276496e-09
1420186468.750,1420.186468750,1.028225924170e-09
1420187054.688,1420.187054687,1.056991193091e-09
1420187640.625,1420.187640625,1.075746555300e-09
1420188226.562,1420.188226562,1.149414994592e-09
1420188812.500,1420.188812500,1.104458326217e-09
1420189398.438,1420.189398437,1.191146755556e-09
1420189984.375,1420.189984375,1.229321397637e-09
1420190570.312,1420.190570313,1.084997442755e-09
1420191156.250,1420.191156250,1.083096575660e-09
1420191742.188,1420.191742188,1.094423982925e-09
1420192328.125,1420.192328125,1.164497142266e-09
1420192914.062,1420.192914062,1.036500731298e-09
1420193500.000,1420.193500000,1.029624764376e-09
1420194085.938,1420.194085937,1.053020480878e-09
1420194671.875,1420.194671875,1.035468518294e-09
1420195257.812,1420.195257812,1.070333528151e-09
1420195843.750,1420.195843750,1.067213187275e-09
1420196429.688,1420.196429688,1.053620043502e-09
1420197015.625,1420.197015625,1.026328864910e-09
1420197601.562,1420.197601563,1.049478882375e-09
1420198187.500,1420.198187500,1.031547035774e-09
1420198773.438,1420.198773437,1.091055012680e-09
1420199359.375,1420.199359375,1.080851961094e-09
1420199945.312,1420.199945312,1.064077290567e-09
1420200531.250,1420.200531250,1.116194687185e-09
1420201117.188,1420.201117187,1.195730410847e-09
1420201703.125,1420.201703125,1.143890264882e-09
1420202289.062,1420.202289063,1.151086158185e-09
1420202875.000,1420.202875000,1.204554242674e-09
1420203460.938,1420.203460938,1.206964527810e-09
1420204046.875,1420.204046875,1.146361376572e-09
1420204632.812,1420.204632812,1.171868610358e-09
1420205218.750,1420.205218750,1.252008117558e-09
1420205804.688,1420.205804687,1.235762334501e-09
1420206390.625,1420.206390625,1.237947805253e-09
1420206976.562,1420.206976562,1.238016068178e-09
1420207562.500,1420.207562500,1.154465015200e-09
1420208148.438,1420.208148438,1.128360446767e-09
1420208734.375,1420.208734375,1.138744087415e-09
1420209320.312,1420.209320313,1.131155062471e-09
1420209906.250,1420.209906250,1.123328655768e-09
1420210492.188,1420.210492187,1.135407390917e-09
1420211078.125,1420.211078125,1.166455864421e-09
1420211664.062,1420.211664062,1.128323566428e-09
1420212250.000,1420.212250000,1.098042279324e-09
1420212835.938,1420.212835937,1.087392050493e-09
1420213421.875,1420.213421875,1.075792754761e-09
1420214007.812,1420.214007813,1.123092713422e-09
1420214593.750,1420.214593750,1.155847886568e-09
1420215179.688,1420.215179688,1.156683530830e-09
1420215765.625,1420.215765625,1.229275313267e-09
1420216351.562,1420.216351562,1.222210738827e-09
1420216937.500,1420.216937500,1.201490625726e-09
1420217523.438,1420.217523437,1.263310836800e-09
1420218109.375,1420.218109375,1.264993598344e-09
1420218695.312,1420.218695312,1.305380096376e-09
1420219281.250,1420.219281250,1.295495619308e-09
1420219867.188,1420.219867188,1.319442134184e-09
1420220453.125,1420.220453125,1.257055482507e-09
1420221039.062,1420.221039063,1.233413995832e-09
1420221625.000,1420.221625000,1.206721113320e-09
1420222210.938,1420.222210937,1.186091136778e-09
1420222796.875,1420.222796875,1.205072553123e-09
1420223382.812,1420.223382812,1.190492151020e-09
1420223968.750,1420.223968750,1.159406982976e-09
1420224554.688,1420.224554687,1.156032191615e-09
1420225140.625,1420.225140625,1.162310713346e-09
1420225726.562,1420.225726563,1.135863989078e-09
1420226312.500,1420.226312500,1.141064681866e-09
1420226898.438,1420.226898438,1.184596501924e-09
1420227484.375,1420.227484375,1.280465751838e-09
1420228070.312,1420.228070312,1.223685505150e-09
1420228656.250,1420.228656250,1.301528378675e-09
1420229242.188,1420.229242187,1.312288622934e-09
1420229828.125,1420.229828125,1.291463490945e-09
1420230414.062,1420.230414062,1.338762832250e-09
1420231000.000,1420.231000000,1.356166249801e-09
1420231585.938,1420.231585938,1.345578940355e-09
1420232171.875,1420.232171875,1.255228447124e-09
1420232757.812,1420.232757813,1.355600035352e-09
1420233343.750,1420.233343750,1.375679629326e-09
1420233929.688,1420.233929687,1.262856712559e-09
1420234515.625,1420.234515625,1.243651315050e-09
1420235101.562,1420.235101562,1.314350736072e-09
1420235687.500,1420.235687500,1.279040113866e-09
1420236273.438,1420.236273437,1.264105297436e-09
1420236859.375,1420.236859375,1.262578606212e-09
1420237445.312,1420.237445313,1.284928455796e-09
1420238031.250,1420.238031250,1.202391626690e-09
1420238617.188,1420.238617188,1.274230181104e-09
1420239203.125,1420.239203125,1.295543429986e-09
1420239789.062,1420.239789062,1.141323632914e-09
1420240375.000,1420.240375000,1.201389820806e-09
1420240960.938,1420.240960937,1.164385757502e-09
1420241546.875,1420.241546875,1.175319564176e-09
1420242132.812,1420.242132812,1.176676257609e-09
1420242718.750,1420.242718750,1.185451787295e-09
1420243304.688,1420.243304688,1.259887152111e-09
1420243890.625,1420.243890625,1.215905464466e-09
1420244476.562,1420.244476563,1.216114936030e-09
1420245062.500,1420.245062500,1.280715107082e-09
1420245648.438,1420.245648437,1.286213381329e-09
1420246234.375,1420.246234375,1.245441724108e-09
1420246820.312,1420.246820312,1.283269696626e-09
1420247406.250,1420.247406250,1.322932034342e-09
1420247992.188,1420.247992187,1.313141926498e-09
1420248578.125,1420.248578125,1.339905518126e-09
1420249164.062,1420.249164063,1.374132272678e-09
1420249750.000,1420.249750000,1.400458070415e-09
1420250335.938,1420.250335938,1.383464330324e-09
1420250921.875,1420.250921875,1.396385984013e-09
1420251507.812,1420.251507812,1.395782556236e-09
1420252093.750,1420.252093750,1.357552020171e-09
1420252679.688,1420.252679687,1.389904973790e-09
1420253265.625,1420.253265625,1.348600833541e-09
1420253851.562,1420.253851562,1.306083787134e-09
1420254437.500,1420.254437500,1.303483545405e-09
1420255023.438,1420.255023438,1.265078116713e-09
1420255609.375,1420.255609375,1.236405811418e-09
1420256195.312,1420.256195313,1.165336593291e-09
1420256781.250,1420.256781250,1.287296461091e-09
1420257367.188,1420.257367187,1.358921268655e-09
1420257953.125,1420.257953125,1.312442182138e-09
1420258539.062,1420.258539062,1.311722085504e-09
1420259125.000,1420.259125000,1.398706935313e-09
1420259710.938,1420.259710937,1.401164204153e-09
1420260296.875,1420.260296875,1.390838715257e-09
1420260882.812,1420.260882813,1.407009290477e-09
1420261468.750,1420.261468750,1.382606377616e-09
1420262054.688,1420.262054688,1.374774559139e-09
1420262640.625,1420.262640625,1.384857361232e-09
1420263226.562,1420.263226562,1.502226963587e-09
1420263812.500,1420.263812500,1.464043486350e-09
1420264398.438,1420.264398437,1.455402758550e-09
1420264984.375,1420.264984375,1.449643438538e-09
1420265570.312,1420.265570312,1.506072792303e-09
1420266156.250,1420.266156250,1.487435593462e-09
1420266742.188,1420.266742188,1.482179594352e-09
1420267328.125,1420.267328125,1.463111396368e-09
1420267914.062,1420.267914063,1.390938652319e-09
1420268500.000,1420.268500000,1.341139920630e-09
1420269085.938,1420.269085937,1.351874363439e-09
1420269671.875,1420.269671875,1.364256025393e-09
1420270257.812,1420.270257812,1.387619463397e-09
1420270843.750,1420.270843750,1.364677215694e-09
1420271429.688,1420.271429687,1.328294100770e-09
1420272015.625,1420.272015625,1.301757500111e-09
1420272601.562,1420.272601563,1.316708498695e-09
1420273187.500,1420.273187500,1.379184499019e-09
1420273773.438,1420.273773438,1.465879918255e-09
1420274359.375,1420.274359375,1.480069101525e-09
1420274945.312,1420.274945312,1.496195674480e-09
1420275531.250,1420.275531250,1.574194422805e-09
1420276117.188,1420.276117187,1.504092174123e-09
1420276703.125,1420.276703125,1.519404607815e-09
1420277289.062,1420.277289062,1.614790276199e-09
1420277875.000,1420.277875000,1.683237731454e-09
1420278460.938,1420.278460938,1.586561329307e-09
1420279046.875,1420.279046875,1.597378913752e-09
1420279632.812,1420.279632813,1.609976310166e-09
1420280218.750,1420.280218750,1.432807474437e-09
1420280804.688,1420.280804687,1.507305579896e-09
1420281390.625,1420.281390625,1.599384846696e-09
1420281976.562,1420.281976562,1.511973931642e-09
1420282562.500,1420.282562500,1.461143757227e-09
1420283148.438,1420.283148437,1.481304390355e-09
1420283734.375,1420.283734375,1.458880151955e-09
1420284320.312,1420.284320313,1.399206955104e-09
1420284906.250,1420.284906250,1.423650137357e-09
1420285492.188,1420.285492188,1.394273999516e-09
1420286078.125,1420.286078125,1.381530186309e-09
1420286664.062,1420.286664062,1.360118686183e-09
1420287250.000,1420.287250000,1.362573481925e-09
1420287835.938,1420.287835937,1.356003552863e-09
1420288421.875,1420.288421875,1.458179412310e-09
1420289007.812,1420.289007812,1.553271381837e-09
1420289593.750,1420.289593750,1.512839151565e-09
1420290179.688,1420.290179688,1.452090571546e-09
1420290765.625,1420.290765625,1.509682146129e-09
1420291351.562,1420.291351563,1.693788583680e-09
1420291937.500,1420.291937500,1.605325899575e-09
1420292523.438,1420.292523437,1.580814505996e-09
1420293109.375,1420.293109375,1.565533242974e-09
1420293695.312,1420.293695312,1.536960997402e-09
1420294281.250,1420.294281250,1.576325113890e-09
1420294867.188,1420.294867187,1.687293173651e-09
1420295453.125,1420.295453125,1.698345970340e-09
1420296039.062,1420.296039063,1.611690950572e-09
1420296625.000,1420.296625000,1.566284223045e-09
1420297210.938,1420.297210938,1.562822544656e-09
1420297796.875,1420.297796875,1.601815512784e-09
1420298382.812,1420.298382812,1.625744954483e-09
1420298968.750,1420.298968750,1.684162347631e-09
1420299554.688,1420.299554687,1.638666374439e-09
1420300140.625,1420.300140625,1.501973982013e-09
1420300726.562,1420.300726562,1.486777191912e-09
1420301312.500,1420.301312500,1.538138268968e-09
1420301898.438,1420.301898438,1.555605323913e-09
1420302484.375,1420.302484375,1.614555259340e-09
1420303070.312,1420.303070313,1.585598963390e-09
1420303656.250,1420.303656250,1.530218926850e-09
1420304242.188,1420.304242187,1.522856033205e-09
1420304828.125,1420.304828125,1.550672935843e-09
1420305414.062,1420.305414062,1.590722716674e-09
1420306000.000,1420.306000000,1.570405243731e-09
1420306585.938,1420.306585937,1.645843981022e-09
1420307171.875,1420.307171875,1.750259863242e-09
1420307757.812,1420.307757813,1.742625663642e-09
1420308343.750,1420.308343750,1.692728630569e-09
1420308929.688,1420.308929688,1.670291396188e-09
1420309515.625,1420.309515625,1.696922455609e-09
1420310101.562,1420.310101562,1.704051997119e-09
1420310687.500,1420.310687500,1.694331445797e-09
1420311273.438,1420.311273437,1.656804589131e-09
1420311859.375,1420.311859375,1.658217188932e-09
1420312445.312,1420.312445312,1.631991144567e-09
1420313031.250,1420.313031250,1.621801466170e-09
1420313617.188,1420.313617188,1.616583341687e-09
1420314203.125,1420.314203125,1.636055302023e-09
1420314789.062,1420.314789063,1.592509297889e-09
1420315375.000,1420.315375000,1.545908183351e-09
1420315960.938,1420.315960937,1.544736640033e-09
1420316546.875,1420.316546875,1.565009183620e-09
1420317132.812,1420.317132812,1.557133969714e-09
1420317718.750,1420.317718750,1.545663793134e-09
1420318304.688,1420.318304687,1.519456358347e-09
1420318890.625,1420.318890625,1.457211555713e-09
1420319476.562,1420.319476563,1.515639939749e-09
1420320062.500,1420.320062500,1.633314804200e-09
1420320648.438,1420.320648438,1.741675404556e-09
1420321234.375,1420.321234375,1.760914424118e-09
1420321820.312,1420.321820312,1.748900326469e-09
1420322406.250,1420.322406250,1.635476254988e-09
1420322992.188,1420.322992187,1.740352923485e-09
1420323578.125,1420.323578125,1.904409880730e-09
1420324164.062,1420.324164062,1.795306713604e-09
1420324750.000,1420.324750000,1.831770674854e-09
1420325335.938,1420.325335938,1.810213817923e-09
1420325921.875,1420.325921875,1.792866751868e-09
1420326507.812,1420.326507813,1.762175819917e-09
1420327093.750,1420.327093750,1.706049243000e-09
1420327679.688,1420.327679687,1.716475540884e-09
1420328265.625,1420.328265625,1.749918951998e-09
1420328851.562,1420.328851562,1.665313849548e-09
1420329437.500,1420.329437500,1.607207107950e-09
1420330023.438,1420.330023437,1.539887821928e-09
1420330609.375,1420.330609375,1.622182696480e-09
1420331195.312,1420.331195313,1.551057588108e-09
1420331781.250,1420.331781250,1.513367901169e-09
1420332367.188,1420.332367188,1.518555339139e-09
1420332953.125,1420.332953125,1.548878639714e-09
1420333539.062,1420.333539062,1.602246843162e-09
1420334125.000,1420.334125000,1.607250733924e-09
1420334710.938,1420.334710937,1.637541127582e-09
1420335296.875,1420.335296875,1.664453467587e-09
1420335882.812,1420.335882812,1.634914134150e-09
1420336468.750,1420.336468750,1.652573321219e-09
1420337054.688,1420.337054688,1.702473278718e-09
1420337640.625,1420.337640625,1.724619898640e-09
1420338226.562,1420.338226563,1.766982438986e-09
1420338812.500,1420.338812500,1.829455629664e-09
1420339398.438,1420.339398437,1.884197905067e-09
1420339984.375,1420.339984375,1.750499764801e-09
1420340570.312,1420.340570312,1.702764325246e-09
1420341156.250,1420.341156250,1.748953354566e-09
1420341742.188,1420.341742187,1.711776664853e-09
1420342328.125,1420.342328125,1.653430207641e-09
1420342914.062,1420.342914063,1.658092762167e-09
1420343500.000,1420.343500000,1.770724650004e-09
1420344085.938,1420.344085938,1.740399666950e-09
1420344671.875,1420.344671875,1.580811653701e-09
1420345257.812,1420.345257812,1.599177220141e-09
1420345843.750,1420.345843750,1.640734210468e-09
1420346429.688,1420.346429687,1.605170424674e-09
1420347015.625,1420.347015625,1.688744219411e-09
1420347601.562,1420.347601562,1.717817672491e-09
1420348187.500,1420.348187500,1.686333844544e-09
1420348773.438,1420.348773438,1.597760276123e-09
1420349359.375,1420.349359375,1.576245894668e-09
1420349945.312,1420.349945313,1.665857382985e-09
1420350531.250,1420.350531250,1.745101407679e-09
1420351117.188,1420.351117187,1.728355954088e-09
1420351703.125,1420.351703125,1.789489934965e-09
1420352289.062,1420.352289062,1.819351367036e-09
1420352875.000,1420.352875000,1.826226439601e-09
1420353460.938,1420.353460937,1.801370036188e-09
1420354046.875,1420.354046875,1.805226956940e-09
1420354632.812,1420.354632813,1.890419346187e-09
1420355218.750,1420.355218750,1.967080947095e-09
1420355804.688,1420.355804688,1.869543390902e-09
1420356390.625,1420.356390625,1.848443272992e-09
1420356976.562,1420.356976562,1.819471141107e-09
1420357562.500,1420.357562500,1.819283390675e-09
1420358148.438,1420.358148437,1.850635662889e-09
1420358734.375,1420.358734375,1.728004544588e-09
1420359320.312,1420.359320312,1.670018442305e-09
1420359906.250,1420.359906250,1.694085367967e-09
1420360492.188,1420.360492188,1.626771307189e-09
1420361078.125,1420.361078125,1.499962474224e-09
1420361664.062,1420.361664063,1.578314778634e-09
1420362250.000,1420.362250000,1.715533723709e-09
1420362835.938,1420.362835937,1.659848256777e-09
1420363421.875,1420.363421875,1.707681332571e-09
1420364007.812,1420.364007812,1.700440467062e-09
1420364593.750,1420.364593750,1.675740738452e-09
1420365179.688,1420.365179687,1.690788965359e-09
1420365765.625,1420.365765625,1.743993573663e-09
1420366351.562,1420.366351563,1.808538586853e-09
1420366937.500,1420.366937500,1.837334528878e-09
1420367523.438,1420.367523438,1.956778477853e-09
1420368109.375,1420.368109375,2.025883472700e-09
1420368695.312,1420.368695312,1.938928046455e-09
1420369281.250,1420.369281250,1.918578477182e-09
1420369867.188,1420.369867187,1.964869490838e-09
1420370453.125,1420.370453125,1.901542383880e-09
1420371039.062,1420.371039062,1.858687202987e-09
1420371625.000,1420.371625000,1.928798785571e-09
1420372210.938,1420.372210938,1.930449393376e-09
1420372796.875,1420.372796875,1.891557242526e-09
1420373382.812,1420.373382813,1.792269335616e-09
1420373968.750,1420.373968750,1.788130419225e-09
1420374554.688,1420.374554687,1.760419468225e-09
1420375140.625,1420.375140625,1.679808749526e-09
1420375726.562,1420.375726562,1.691743843475e-09
1420376312.500,1420.376312500,1.748104815859e-09
1420376898.438,1420.376898437,1.716407788828e-09
1420377484.375,1420.377484375,1.716506402881e-09
1420378070.312,1420.378070313,1.778322505770e-09
1420378656.250,1420.378656250,1.824091907363e-09
1420379242.188,1420.379242188,1.834423983250e-09
1420379828.125,1420.379828125,1.900235939193e-09
1420380414.062,1420.380414062,1.898792271725e-09
1420381000.000,1420.381000000,1.873109853999e-09
1420381585.938,1420.381585937,1.919571958037e-09
1420382171.875,1420.382171875,2.024725805672e-09
1420382757.812,1420.382757812,2.098427278116e-09
1420383343.750,1420.383343750,2.258484784401e-09
1420383929.688,1420.383929688,2.106137633054e-09
1420384515.625,1420.384515625,2.022730690890e-09
1420385101.562,1420.385101563,2.028542299097e-09
1420385687.500,1420.385687500,1.960058471298e-09
1420386273.438,1420.386273437,1.951337098744e-09
1420386859.375,1420.386859375,2.034493030150e-09
1420387445.312,1420.387445312,2.065037143194e-09
1420388031.250,1420.388031250,1.979079791337e-09
1420388617.188,1420.388617187,1.818599334738e-09
1420389203.125,1420.389203125,1.786778508982e-09
1420389789.062,1420.389789063,1.712684320080e-09
1420390375.000,1420.390375000,1.702500659187e-09
1420390960.938,1420.390960938,1.766249999923e-09
1420391546.875,1420.391546875,1.854693353337e-09
1420392132.812,1420.392132812,1.905947805374e-09
1420392718.750,1420.392718750,1.779962510400e-09
1420393304.688,1420.393304687,1.835821655104e-09
1420393890.625,1420.393890625,1.924763799602e-09
1420394476.562,1420.394476562,1.918089157563e-09
1420395062.500,1420.395062500,1.964287874480e-09
1420395648.438,1420.395648438,1.995400220663e-09
1420396234.375,1420.396234375,1.945980119835e-09
1420396820.312,1420.396820313,2.005156791778e-09
1420397406.250,1420.397406250,1.961225286591e-09
1420397992.188,1420.397992187,1.987364792479e-09
1420398578.125,1420.398578125,2.062983143612e-09
1420399164.062,1420.399164062,1.999364622087e-09
1420399750.000,1420.399750000,2.048162401406e-09
1420400335.938,1420.400335937,2.060922591295e-09
1420400921.875,1420.400921875,2.065935084236e-09
1420401507.812,1420.401507813,2.009419871260e-09
1420402093.750,1420.402093750,2.089932597885e-09
1420402679.688,1420.402679688,2.045164112984e-09
1420403265.625,1420.403265625,1.958541276566e-09
1420403851.562,1420.403851562,1.896043285094e-09
1420404437.500,1420.404437500,1.853402644743e-09
1420405023.438,1420.405023437,1.766456153913e-09
1420405609.375,1420.405609375,1.809467386856e-09
1420406195.312,1420.406195312,1.847224943534e-09
1420406781.250,1420.406781250,1.803522044801e-09
1420407367.188,1420.407367188,1.818283486983e-09
1420407953.125,1420.407953125,1.840363897681e-09
1420408539.062,1420.408539063,1.881865880813e-09
1420409125.000,1420.409125000,1.883615754063e-09
1420409710.938,1420.409710937,1.800774537853e-09
1420410296.875,1420.410296875,1.829675098604e-09
1420410882.812,1420.410882812,1.902414702237e-09
1420411468.750,1420.411468750,1.901751474151e-09
1420412054.688,1420.412054687,1.964309150234e-09
1420412640.625,1420.412640625,2.141457126990e-09
1420413226.562,1420.413226563,2.079989327738e-09
1420413812.500,1420.413812500,2.043169670444e-09
1420414398.438,1420.414398438,2.086491175411e-09
1420414984.375,1420.414984375,1.959797181960e-09
1420415570.312,1420.415570312,1.949140545620e-09
1420416156.250,1420.416156250,1.932184181168e-09
1420416742.188,1420.416742187,1.920643078880e-09
1420417328.125,1420.417328125,1.991754687272e-09
1420417914.062,1420.417914062,2.032053305440e-09
1420418500.000,1420.418500000,1.917224185771e-09
1420419085.938,1420.419085938,1.880719178876e-09
1420419671.875,1420.419671875,1.830071052981e-09
1420420257.812,1420.420257813,1.777312861546e-09
1420420843.750,1420.420843750,1.814313540169e-09
1420421429.688,1420.421429687,1.895505067584e-09
1420422015.625,1420.422015625,1.868510316622e-09
1420422601.562,1420.422601562,1.905696517673e-09
1420423187.500,1420.423187500,1.831661800001e-09
1420423773.438,1420.423773437,1.785672181859e-09
1420424359.375,1420.424359375,1.795367686819e-09
1420424945.312,1420.424945313,1.843683024269e-09
1420425531.250,1420.425531250,1.910452704909e-09
1420426117.188,1420.426117188,1.932530344437e-09
1420426703.125,1420.426703125,1.883432172974e-09
1420427289.062,1420.427289062,1.956294008406e-09
1420427875.000,1420.427875000,1.968078226440e-09
1420428460.938,1420.428460937,2.012898696520e-09
1420429046.875,1420.429046875,2.054690191715e-09
1420429632.812,1420.429632812,2.033801081088e-09
1420430218.750,1420.430218750,2.012434326862e-09
1420430804.688,1420.430804688,1.926278446206e-09
1420431390.625,1420.431390625,1.899958302406e-09
1420431976.562,1420.431976563,1.927822368194e-09
1420432562.500,1420.432562500,1.993306226070e-09
1420433148.438,1420.433148437,2.042879944894e-09
1420433734.375,1420.433734375,1.962635029800e-09
1420434320.312,1420.434320312,1.878183049827e-09
1420434906.250,1420.434906250,1.943600035887e-09
1420435492.188,1420.435492187,1.960382166753e-09
1420436078.125,1420.436078125,1.921350319451e-09
1420436664.062,1420.436664063,1.880718101712e-09
1420437250.000,1420.437250000,1.934158266931e-09
1420437835.938,1420.437835938,1.867065012601e-09
1420438421.875,1420.438421875,1.835735666896e-09
1420439007.812,1420.439007812,1.980426801096e-09
1420439593.750,1420.439593750,1.986536801884e-09
1420440179.688,1420.440179687,1.963725949964e-09
1420440765.625,1420.440765625,2.027003831014e-09
1420441351.562,1420.441351562,2.109388026512e-09
1420441937.500,1420.441937500,2.113055603835e-09
1420442523.438,1420.442523438,2.053766742182e-09
1420443109.375,1420.443109375,2.215419754623e-09
1420443695.312,1420.443695313,2.163416318620e-09
1420444281.250,1420.444281250,2.094707479419e-09
1420444867.188,1420.444867187,2.113240665468e-09
1420445453.125,1420.445453125,2.115192421741e-09
1420446039.062,1420.446039062,2.027617580337e-09
1420446625.000,1420.446625000,1.952123072117e-09
1420447210.938,1420.447210937,1.969433097424e-09
1420447796.875,1420.447796875,1.986008804091e-09
1420448382.812,1420.448382813,1.939460541013e-09
1420448968.750,1420.448968750,1.947842076431e-09
1420449554.688,1420.449554688,1.945734072961e-09
1420450140.625,1420.450140625,1.946301809244e-09
1420450726.562,1420.450726562,1.893897210654e-09
1420451312.500,1420.451312500,1.950043628612e-09
1420451898.438,1420.451898437,1.958142797928e-09
1420452484.375,1420.452484375,1.811680946812e-09
1420453070.312,1420.453070312,1.798954270751e-09
1420453656.250,1420.453656250,1.865565181847e-09
1420454242.188,1420.454242188,1.830570390342e-09
1420454828.125,1420.454828125,1.858755193846e-09
1420455414.062,1420.455414063,2.030235373013e-09
1420456000.000,1420.456000000,2.129326370702e-09
1420456585.938,1420.456585937,2.332609134861e-09
1420457171.875,1420.457171875,2.146916067257e-09
1420457757.812,1420.457757812,2.356717891691e-09
1420458343.750,1420.458343750,2.327204678958e-09
1420458929.688,1420.458929687,2.204021942282e-09
1420459515.625,1420.459515625,2.287877197569e-09
1420460101.562,1420.460101563,2.318430396454e-09
1420460687.500,1420.460687500,2.398092974421e-09
1420461273.438,1420.461273438,2.229762094524e-09
1420461859.375,1420.461859375,2.352747550503e-09
1420462445.312,1420.462445312,2.197848170351e-09
1420463031.250,1420.463031250,1.940912351441e-09
1420463617.188,1420.463617187,1.955503958604e-09
1420464203.125,1420.464203125,2.010547137399e-09
1420464789.062,1420.464789062,1.944175667611e-09
1420465375.000,1420.465375000,1.832794763437e-09
1420465960.938,1420.465960938,1.993371819232e-09
1420466546.875,1420.466546875,2.061135526721e-09
1420467132.812,1420.467132813,1.898338967906e-09
1420467718.750,1420.467718750,1.907891349186e-09
1420468304.688,1420.468304687,1.897439932885e-09
1420468890.625,1420.468890625,1.945778951575e-09
1420469476.562,1420.469476562,2.024583259689e-09
1420470062.500,1420.470062500,2.076254466401e-09
1420470648.438,1420.470648437,2.060227438669e-09
1420471234.375,1420.471234375,2.028915537684e-09
1420471820.312,1420.471820313,2.141410542798e-09
1420472406.250,1420.472406250,2.260358277987e-09
1420472992.188,1420.472992188,2.185433314715e-09
1420473578.125,1420.473578125,2.156042190399e-09
1420474164.062,1420.474164062,2.112017953043e-09
1420474750.000,1420.474750000,2.089627837609e-09
1420475335.938,1420.475335937,2.099701458479e-09
1420475921.875,1420.475921875,2.214873769079e-09
1420476507.812,1420.476507812,2.165600459609e-09
1420477093.750,1420.477093750,2.044710855767e-09
1420477679.688,1420.477679688,2.069863458075e-09
1420478265.625,1420.478265625,1.981845613679e-09
1420478851.562,1420.478851563,1.900759593932e-09
1420479437.500,1420.479437500,1.950296863800e-09
1420480023.438,1420.480023437,1.955042222398e-09
1420480609.375,1420.480609375,1.945831955679e-09
1420481195.312,1420.481195312,1.953702925062e-09
1420481781.250,1420.481781250,1.868584525725e-09
1420482367.188,1420.482367187,1.995216203124e-09
1420482953.125,1420.482953125,2.011654968212e-09
1420483539.062,1420.483539063,1.951824915877e-09
1420484125.000,1420.484125000,1.960735018371e-09
1420484710.938,1420.484710938,2.044586706031e-09
1420485296.875,1420.485296875,2.033228875260e-09
1420485882.812,1420.485882812,2.096183639563e-09
1420486468.750,1420.486468750,2.151148585782e-09
1420487054.688,1420.487054687,2.233120655509e-09
1420487640.625,1420.487640625,2.193751443994e-09
1420488226.562,1420.488226562,2.103510829816e-09
1420488812.500,1420.488812500,2.143397185319e-09
1420489398.438,1420.489398438,2.198124097547e-09
1420489984.375,1420.489984375,2.178900498599e-09
1420490570.312,1420.490570313,2.128692568176e-09
1420491156.250,1420.491156250,2.225941300279e-09
1420491742.188,1420.491742187,2.223088923026e-09
1420492328.125,1420.492328125,2.183361944771e-09
1420492914.062,1420.492914062,2.154607877084e-09
1420493500.000,1420.493500000,2.128096416787e-09
1420494085.938,1420.494085937,2.094778174605e-09
1420494671.875,1420.494671875,2.060661129866e-09
1420495257.812,1420.495257813,2.016629932271e-09
1420495843.750,1420.495843750,1.944824267931e-09
1420496429.688,1420.496429688,1.955678773427e-09
1420497015.625,1420.497015625,1.950562090570e-09
1420497601.562,1420.497601562,1.916475621295e-09
1420498187.500,1420.498187500,1.902418707318e-09
1420498773.438,1420.498773437,2.013504732562e-09
1420499359.375,1420.499359375,2.231244594318e-09
1420499945.312,1420.499945312,2.263644921874e-09
1420500531.250,1420.500531250,2.253092565690e-09
1420501117.188,1420.501117188,2.167513607546e-09
1420501703.125,1420.501703125,2.108600880465e-09
1420502289.062,1420.502289063,2.191601591012e-09
1420502875.000,1420.502875000,2.230804147297e-09
1420503460.938,1420.503460937,2.367377197864e-09
1420504046.875,1420.504046875,2.507366168525e-09
1420504632.812,1420.504632812,2.475600351070e-09
1420505218.750,1420.505218750,2.321325290236e-09
1420505804.688,1420.505804687,2.233803945471e-09
1420506390.625,1420.506390625,2.204684793471e-09
1420506976.562,1420.506976563,2.077026822692e-09
1420507562.500,1420.507562500,2.251948764298e-09
1420508148.438,1420.508148438,2.304088823761e-09
1420508734.375,1420.508734375,2.210554693830e-09
1420509320.312,1420.509320312,2.202766457998e-09
1420509906.250,1420.509906250,2.121513899241e-09
1420510492.188,1420.510492187,1.959220305838e-09
1420511078.125,1420.511078125,1.834878778307e-09
1420511664.062,1420.511664062,1.992466224038e-09
1420512250.000,1420.512250000,2.014293440135e-09
1420512835.938,1420.512835938,1.938854122348e-09
1420513421.875,1420.513421875,1.943013966400e-09
1420514007.812,1420.514007813,2.064670339345e-09
1420514593.750,1420.514593750,1.989005168799e-09
1420515179.688,1420.515179687,1.893484065822e-09
1420515765.625,1420.515765625,1.969811917964e-09
1420516351.562,1420.516351562,1.960130287160e-09
1420516937.500,1420.516937500,2.025913290024e-09
1420517523.438,1420.517523437,2.113749259601e-09
1420518109.375,1420.518109375,2.136842974376e-09
1420518695.312,1420.518695313,2.104642781045e-09
1420519281.250,1420.519281250,2.120933041111e-09
1420519867.188,1420.519867188,2.095700295094e-09
1420520453.125,1420.520453125,2.119468219709e-09
1420521039.062,1420.521039062,2.144863967777e-09
1420521625.000,1420.521625000,2.017986199635e-09
1420522210.938,1420.522210937,1.945319383243e-09
1420522796.875,1420.522796875,1.937379861398e-09
1420523382.812,1420.523382812,2.010215964447e-09
1420523968.750,1420.523968750,1.940551972988e-09
1420524554.688,1420.524554688,1.915055657538e-09
1420525140.625,1420.525140625,1.884536250983e-09
1420525726.562,1420.525726563,1.843580728151e-09
1420526312.500,1420.526312500,1.813913944756e-09
1420526898.438,1420.526898437,1.840373815597e-09
1420527484.375,1420.527484375,1.799703490808e-09
1420528070.312,1420.528070312,1.896223739595e-09
1420528656.250,1420.528656250,1.928035570934e-09
1420529242.188,1420.529242187,1.944769375618e-09
1420529828.125,1420.529828125,2.006582362183e-09
1420530414.062,1420.530414063,2.007926577479e-09
1420531000.000,1420.531000000,2.115007224691e-09
1420531585.938,1420.531585938,2.136723239454e-09
1420532171.875,1420.532171875,2.138221976495e-09
1420532757.812,1420.532757812,2.160677456312e-09
1420533343.750,1420.533343750,2.077610786248e-09
1420533929.688,1420.533929687,2.139454321939e-09
1420534515.625,1420.534515625,2.137910928781e-09
1420535101.562,1420.535101562,2.104310219565e-09
1420535687.500,1420.535687500,2.157841442839e-09
1420536273.438,1420.536273438,2.194320286123e-09
1420536859.375,1420.536859375,2.036981694140e-09
1420537445.312,1420.537445313,1.938199918067e-09
1420538031.250,1420.538031250,1.990764239015e-09
1420538617.188,1420.538617187,1.972316262456e-09
1420539203.125,1420.539203125,1.989846041931e-09
1420539789.062,1420.539789062,1.943825616193e-09
1420540375.000,1420.540375000,1.946438181108e-09
1420540960.938,1420.540960937,2.019226948963e-09
1420541546.875,1420.541546875,1.964547889201e-09
1420542132.812,1420.542132813,1.963406145947e-09
1420542718.750,1420.542718750,1.989578259371e-09
1420543304.688,1420.543304688,1.948781261366e-09
1420543890.625,1420.543890625,2.078775820391e-09
1420544476.562,1420.544476562,2.124503205122e-09
1420545062.500,1420.545062500,2.120516616545e-09
1420545648.438,1420.545648437,2.022329973910e-09
1420546234.375,1420.546234375,2.093672754748e-09
1420546820.312,1420.546820312,2.101547477384e-09
1420547406.250,1420.547406250,2.231114360363e-09
1420547992.188,1420.547992188,2.231458181193e-09
1420548578.125,1420.548578125,2.148521990608e-09
1420549164.062,1420.549164063,2.114961299434e-09
1420549750.000,1420.549750000,2.280638629112e-09
1420550335.938,1420.550335937,2.427778601869e-09
1420550921.875,1420.550921875,2.303075420670e-09
1420551507.812,1420.551507812,2.109862368398e-09
1420552093.750,1420.552093750,2.224822739569e-09
1420552679.688,1420.552679687,2.252261119395e-09
1420553265.625,1420.553265625,2.102792892913e-09
1420553851.562,1420.553851563,2.161221539033e-09
1420554437.500,1420.554437500,2.213963850886e-09
1420555023.438,1420.555023438,2.094619169761e-09
1420555609.375,1420.555609375,2.038893493877e-09
1420556195.312,1420.556195312,1.975320628169e-09
1420556781.250,1420.556781250,1.954457442471e-09
1420557367.188,1420.557367187,1.851343249285e-09
1420557953.125,1420.557953125,1.976123969915e-09
1420558539.062,1420.558539062,1.975337393824e-09
1420559125.000,1420.559125000,2.058755414056e-09
1420559710.938,1420.559710938,2.130738177449e-09
1420560296.875,1420.560296875,2.206681182792e-09
1420560882.812,1420.560882813,2.087204007396e-09
1420561468.750,1420.561468750,2.115932675239e-09
1420562054.688,1420.562054687,2.168868403382e-09
1420562640.625,1420.562640625,2.158787630750e-09
1420563226.562,1420.563226562,2.264820993849e-09
1420563812.500,1420.563812500,2.264699912681e-09
1420564398.438,1420.564398437,2.194234000379e-09
1420564984.375,1420.564984375,2.219349335299e-09
1420565570.312,1420.565570313,2.193264487681e-09
1420566156.250,1420.566156250,2.111811435587e-09
1420566742.188,1420.566742188,1.987939215918e-09
1420567328.125,1420.567328125,2.054465511382e-09
1420567914.062,1420.567914062,2.097442561987e-09
1420568500.000,1420.568500000,2.112315426218e-09
1420569085.938,1420.569085937,2.089339560163e-09
1420569671.875,1420.569671875,2.021989637367e-09
1420570257.812,1420.570257812,1.962147358795e-09
1420570843.750,1420.570843750,1.965559380135e-09
1420571429.688,1420.571429688,2.033504982440e-09
1420572015.625,1420.572015625,1.957160116295e-09
1420572601.562,1420.572601563,1.994391957032e-09
1420573187.500,1420.573187500,2.022980747933e-09
1420573773.438,1420.573773437,2.081538694046e-09
1420574359.375,1420.574359375,2.081834313610e-09
1420574945.312,1420.574945312,2.098583161274e-09
1420575531.250,1420.575531250,2.157748364306e-09
1420576117.188,1420.576117187,2.221467904037e-09
1420576703.125,1420.576703125,2.226757181656e-09
1420577289.062,1420.577289063,2.216692315425e-09
1420577875.000,1420.577875000,2.243090397766e-09
1420578460.938,1420.578460938,2.298706319500e-09
1420579046.875,1420.579046875,2.247486749516e-09
1420579632.812,1420.579632812,2.265978166216e-09
1420580218.750,1420.580218750,2.210163867129e-09
1420580804.688,1420.580804687,2.146874335513e-09
1420581390.625,1420.581390625,2.182864219604e-09
1420581976.562,1420.581976562,2.220031696344e-09
1420582562.500,1420.582562500,2.227708140977e-09
1420583148.438,1420.583148438,2.222732213519e-09
1420583734.375,1420.583734375,2.158841051095e-09
1420584320.312,1420.584320313,2.092348984782e-09
1420584906.250,1420.584906250,2.013748882344e-09
1420585492.188,1420.585492187,2.026747647552e-09
1420586078.125,1420.586078125,2.008334904174e-09
1420586664.062,1420.586664062,2.016997673124e-09
1420587250.000,1420.587250000,2.124922068669e-09
1420587835.938,1420.587835937,2.035262435109e-09
1420588421.875,1420.588421875,2.143902764701e-09
1420589007.812,1420.589007813,2.245904501218e-09
1420589593.750,1420.589593750,2.081657145565e-09
1420590179.688,1420.590179688,1.929604086347e-09
1420590765.625,1420.590765625,2.014386016190e-09
1420591351.562,1420.591351562,2.093716970203e-09
1420591937.500,1420.591937500,2.072525485084e-09
1420592523.438,1420.592523437,2.069210767983e-09
1420593109.375,1420.593109375,2.210004834852e-09
1420593695.312,1420.593695312,2.073885969054e-09
1420594281.250,1420.594281250,2.003565744173e-09
1420594867.188,1420.594867188,2.228003771688e-09
1420595453.125,1420.595453125,2.519088229509e-09
1420596039.062,1420.596039063,2.255440303713e-09
1420596625.000,1420.596625000,2.058517899372e-09
1420597210.938,1420.597210937,1.983091412920e-09
1420597796.875,1420.597796875,2.041752968055e-09
1420598382.812,1420.598382812,2.258787571674e-09
1420598968.750,1420.598968750,2.274147630124e-09
1420599554.688,1420.599554687,2.182933655409e-09
1420600140.625,1420.600140625,1.935501304768e-09
1420600726.562,1420.600726563,1.809225057554e-09
1420601312.500,1420.601312500,1.861731672296e-09
1420601898.438,1420.601898438,1.923918624675e-09
1420602484.375,1420.602484375,2.012268166626e-09
1420603070.312,1420.603070312,2.070086129859e-09
1420603656.250,1420.603656250,2.027386145942e-09
1420604242.188,1420.604242187,1.890806548842e-09
1420604828.125,1420.604828125,1.985783066003e-09
1420605414.062,1420.605414062,2.025089872989e-09
1420606000.000,1420.606000000,2.081696665134e-09
1420606585.938,1420.606585938,2.098959760887e-09
1420607171.875,1420.607171875,2.086971371473e-09
1420607757.812,1420.607757813,1.956645979675e-09
1420608343.750,1420.608343750,2.026171452286e-09
1420608929.688,1420.608929687,2.089511622709e-09
1420609515.625,1420.609515625,2.069536698945e-09
1420610101.562,1420.610101562,1.995308721753e-09
1420610687.500,1420.610687500,1.976505036188e-09
1420611273.438,1420.611273437,2.019557665254e-09
1420611859.375,1420.611859375,2.012283677628e-09
1420612445.312,1420.612445313,1.920059069557e-09
1420613031.250,1420.613031250,1.912464336925e-09
1420613617.188,1420.613617188,1.942121537906e-09
1420614203.125,1420.614203125,1.885658408740e-09
1420614789.062,1420.614789062,1.830087715782e-09
1420615375.000,1420.615375000,1.824120874724e-09
1420615960.938,1420.615960937,1.839696179855e-09
1420616546.875,1420.616546875,1.818637483917e-09
1420617132.812,1420.617132812,1.801551775889e-09
1420617718.750,1420.617718750,1.837082819084e-09
1420618304.688,1420.618304688,1.888968095612e-09
1420618890.625,1420.618890625,1.960443426813e-09
1420619476.562,1420.619476563,2.017890001174e-09
1420620062.500,1420.620062500,2.062709925003e-09
1420620648.438,1420.620648437,2.187224496748e-09
1420621234.375,1420.621234375,2.105931579744e-09
1420621820.312,1420.621820312,2.130196806123e-09
1420622406.250,1420.622406250,2.164634343080e-09
1420622992.188,1420.622992187,2.257798166637e-09
1420623578.125,1420.623578125,2.170327600649e-09
1420624164.062,1420.624164063,2.160899640722e-09
1420624750.000,1420.624750000,2.212651465270e-09
1420625335.938,1420.625335938,2.184081052721e-09
1420625921.875,1420.625921875,2.031991137608e-09
1420626507.812,1420.626507812,2.049891123414e-09
1420627093.750,1420.627093750,2.052239391240e-09
1420627679.688,1420.627679687,2.007866170264e-09
1420628265.625,1420.628265625,2.011523552544e-09
1420628851.562,1420.628851562,2.042872278350e-09
1420629437.500,1420.629437500,2.013152475869e-09
1420630023.438,1420.630023438,1.901838762599e-09
1420630609.375,1420.630609375,1.900963944379e-09
1420631195.312,1420.631195313,2.012642702102e-09
1420631781.250,1420.631781250,1.885728430921e-09
1420632367.188,1420.632367187,1.921620233467e-09
1420632953.125,1420.632953125,1.930634658659e-09
1420633539.062,1420.633539062,1.935487669267e-09
1420634125.000,1420.634125000,1.928721590359e-09
1420634710.938,1420.634710937,2.052469623917e-09
1420635296.875,1420.635296875,2.203652807551e-09
1420635882.812,1420.635882813,2.055120342584e-09
1420636468.750,1420.636468750,2.020603500681e-09
1420637054.688,1420.637054688,2.114739072425e-09
1420637640.625,1420.637640625,2.053549869246e-09
1420638226.562,1420.638226562,2.034389526865e-09
1420638812.500,1420.638812500,2.191386394876e-09
1420639398.438,1420.639398437,2.134668225967e-09
1420639984.375,1420.639984375,2.135394737540e-09
1420640570.312,1420.640570312,2.088606301765e-09
1420641156.250,1420.641156250,2.190147470200e-09
1420641742.188,1420.641742188,2.171680678030e-09
1420642328.125,1420.642328125,2.059941470473e-09
1420642914.062,1420.642914063,2.055188714036e-09
1420643500.000,1420.643500000,2.063154683435e-09
1420644085.938,1420.644085937,1.943695315262e-09
1420644671.875,1420.644671875,2.094710865668e-09
1420645257.812,1420.645257812,2.039659007983e-09
1420645843.750,1420.645843750,1.956980443170e-09
1420646429.688,1420.646429687,1.951762494377e-09
1420647015.625,1420.647015625,1.929515468445e-09
1420647601.562,1420.647601563,1.941356638404e-09
1420648187.500,1420.648187500,1.850445925034e-09
1420648773.438,1420.648773438,1.821338532618e-09
1420649359.375,1420.649359375,1.870358266653e-09
1420649945.312,1420.649945312,1.970136019656e-09
1420650531.250,1420.650531250,1.984514690512e-09
1420651117.188,1420.651117187,2.022017832210e-09
1420651703.125,1420.651703125,2.038862937279e-09
1420652289.062,1420.652289062,2.028348320568e-09
1420652875.000,1420.652875000,2.031568688529e-09
1420653460.938,1420.653460938,2.142045568632e-09
1420654046.875,1420.654046875,2.191305078021e-09
1420654632.812,1420.654632813,2.131200579964e-09
1420655218.750,1420.655218750,2.131976844974e-09
1420655804.688,1420.655804687,2.033874744990e-09
1420656390.625,1420.656390625,1.962723209165e-09
1420656976.562,1420.656976562,1.984648292617e-09
1420657562.500,1420.657562500,2.154601689157e-09
1420658148.438,1420.658148437,2.141862283826e-09
1420658734.375,1420.658734375,2.015264174290e-09
1420659320.312,1420.659320313,1.974136041538e-09
1420659906.250,1420.659906250,1.902909444187e-09
1420660492.188,1420.660492188,1.858514310852e-09
1420661078.125,1420.661078125,1.850408143426e-09
1420661664.062,1420.661664062,2.044791399312e-09
1420662250.000,1420.662250000,1.960361527811e-09
1420662835.938,1420.662835937,1.872665387025e-09
1420663421.875,1420.663421875,1.853891242085e-09
1420664007.812,1420.664007812,1.906967132788e-09
1420664593.750,1420.664593750,1.956361777403e-09
1420665179.688,1420.665179688,2.004655120030e-09
1420665765.625,1420.665765625,2.087690790539e-09
1420666351.562,1420.666351563,2.084504544480e-09
1420666937.500,1420.666937500,2.100156001067e-09
1420667523.438,1420.667523437,2.067525657707e-09
1420668109.375,1420.668109375,2.000941352347e-09
1420668695.312,1420.668695312,2.033633873079e-09
1420669281.250,1420.669281250,2.157178897114e-09
1420669867.188,1420.669867187,2.269254600166e-09
1420670453.125,1420.670453125,2.204672976343e-09
1420671039.062,1420.671039063,2.143479958078e-09
1420671625.000,1420.671625000,2.119821425554e-09
1420672210.938,1420.672210938,2.082036850417e-09
1420672796.875,1420.672796875,2.062003406158e-09
1420673382.812,1420.673382812,2.023574333804e-09
1420673968.750,1420.673968750,1.949842188779e-09
1420674554.688,1420.674554687,1.942536754546e-09
1420675140.625,1420.675140625,1.985466808530e-09
1420675726.562,1420.675726562,1.905572773786e-09
1420676312.500,1420.676312500,1.868390658414e-09
1420676898.438,1420.676898438,1.920116162494e-09
1420677484.375,1420.677484375,2.033562612310e-09
1420678070.312,1420.678070313,1.948627135153e-09
1420678656.250,1420.678656250,1.898369418468e-09
1420679242.188,1420.679242187,1.895910070611e-09
1420679828.125,1420.679828125,1.943904509788e-09
1420680414.062,1420.680414062,2.214582970736e-09
1420681000.000,1420.681000000,2.210782502589e-09
1420681585.938,1420.681585937,2.032049690993e-09
1420682171.875,1420.682171875,2.019582355920e-09
1420682757.812,1420.682757813,2.238245424522e-09
1420683343.750,1420.683343750,2.277442877792e-09
1420683929.688,1420.683929688,2.060842053363e-09
1420684515.625,1420.684515625,2.248287804546e-09
1420685101.562,1420.685101562,2.116729378949e-09
1420685687.500,1420.685687500,2.025932935717e-09
1420686273.438,1420.686273437,2.140358322139e-09
1420686859.375,1420.686859375,2.056679768852e-09
1420687445.312,1420.687445312,2.036872892301e-09
1420688031.250,1420.688031250,2.056011665133e-09
1420688617.188,1420.688617188,1.948218824960e-09
1420689203.125,1420.689203125,1.879916032746e-09
1420689789.062,1420.689789063,1.914978674703e-09
1420690375.000,1420.690375000,1.879473519844e-09
1420690960.938,1420.690960937,1.827293094714e-09
1420691546.875,1420.691546875,1.866767435105e-09
1420692132.812,1420.692132812,1.965418032035e-09
1420692718.750,1420.692718750,1.884959593557e-09
1420693304.688,1420.693304687,1.811270030639e-09
1420693890.625,1420.693890625,1.950607446790e-09
1420694476.562,1420.694476563,1.943267053105e-09
1420695062.500,1420.695062500,1.935349687907e-09
1420695648.438,1420.695648438,2.081566375882e-09
1420696234.375,1420.696234375,2.077377461964e-09
1420696820.312,1420.696820312,2.058302977700e-09
1420697406.250,1420.697406250,2.078849154072e-09
1420697992.188,1420.697992187,2.090810539890e-09
1420698578.125,1420.698578125,2.075914968936e-09
1420699164.062,1420.699164062,2.066343734019e-09
1420699750.000,1420.699750000,2.103432154786e-09
1420700335.938,1420.700335938,2.030259876861e-09
1420700921.875,1420.700921875,2.064159575373e-09
1420701507.812,1420.701507813,2.001759898702e-09
1420702093.750,1420.702093750,1.957647085697e-09
1420702679.688,1420.702679687,1.909694956066e-09
1420703265.625,1420.703265625,1.821327307340e-09
1420703851.562,1420.703851562,2.009308718588e-09
1420704437.500,1420.704437500,1.906471449651e-09
1420705023.438,1420.705023437,1.813072759511e-09
1420705609.375,1420.705609375,1.803788337693e-09
1420706195.312,1420.706195313,1.789359700303e-09
1420706781.250,1420.706781250,1.890137955937e-09
1420707367.188,1420.707367188,1.947359191994e-09
1420707953.125,1420.707953125,1.881276808474e-09
1420708539.062,1420.708539062,1.898432312034e-09
1420709125.000,1420.709125000,1.986663825653e-09
1420709710.938,1420.709710937,1.979730304133e-09
1420710296.875,1420.710296875,1.956167300675e-09
1420710882.812,1420.710882812,1.980960109785e-09
1420711468.750,1420.711468750,2.006816666849e-09
1420712054.688,1420.712054688,2.017965653711e-09
1420712640.625,1420.712640625,2.093624680799e-09
1420713226.562,1420.713226563,1.996559936976e-09
1420713812.500,1420.713812500,2.000455534982e-09
1420714398.438,1420.714398437,2.065794751908e-09
1420714984.375,1420.714984375,2.139343417633e-09
1420715570.312,1420.715570312,2.011352061689e-09
1420716156.250,1420.716156250,1.907415820173e-09
1420716742.188,1420.716742187,1.927536220401e-09
1420717328.125,1420.717328125,1.908718681870e-09
1420717914.062,1420.717914063,1.881030457592e-09
1420718500.000,1420.718500000,1.883963346444e-09
1420719085.938,1420.719085938,1.850502230365e-09
1420719671.875,1420.719671875,1.857976597226e-09
1420720257.812,1420.720257812,1.876366215511e-09
1420720843.750,1420.720843750,1.854564863073e-09
1420721429.688,1420.721429687,1.881633076102e-09
1420722015.625,1420.722015625,1.877727663499e-09
1420722601.562,1420.722601562,1.851219764190e-09
1420723187.500,1420.723187500,1.940555485017e-09
1420723773.438,1420.723773438,2.061087943605e-09
1420724359.375,1420.724359375,1.916017578805e-09
1420724945.312,1420.724945313,1.946356632224e-09
1420725531.250,1420.725531250,2.007820993737e-09
1420726117.188,1420.726117187,2.044352167458e-09
1420726703.125,1420.726703125,2.062551787406e-09
1420727289.062,1420.727289062,2.195153472270e-09
1420727875.000,1420.727875000,2.268402967908e-09
1420728460.938,1420.728460937,2.200580462795e-09
1420729046.875,1420.729046875,2.076152607420e-09
1420729632.812,1420.729632813,1.942665591203e-09
1420730218.750,1420.730218750,2.015457452047e-09
1420730804.688,1420.730804688,1.995653147819e-09
1420731390.625,1420.731390625,2.045389313973e-09
1420731976.562,1420.731976562,2.149159549001e-09
1420732562.500,1420.732562500,2.106859999079e-09
1420733148.438,1420.733148437,1.935805995889e-09
1420733734.375,1420.733734375,1.933623815287e-09
1420734320.312,1420.734320312,1.984926997198e-09
1420734906.250,1420.734906250,1.933374237159e-09
1420735492.188,1420.735492188,1.913125943530e-09
1420736078.125,1420.736078125,2.009283942660e-09
1420736664.062,1420.736664063,2.023218848899e-09
1420737250.000,1420.737250000,1.896514267754e-09
1420737835.938,1420.737835937,1.874991578427e-09
1420738421.875,1420.738421875,1.910184570097e-09
1420739007.812,1420.739007812,1.939880201100e-09
1420739593.750,1420.739593750,2.108497680909e-09
1420740179.688,1420.740179687,2.224994037161e-09
1420740765.625,1420.740765625,2.234772073058e-09
1420741351.562,1420.741351563,2.153799509933e-09
1420741937.500,1420.741937500,2.177795108805e-09
1420742523.438,1420.742523438,2.126297044456e-09
1420743109.375,1420.743109375,2.033608815190e-09
1420743695.312,1420.743695312,2.144784519191e-09
1420744281.250,1420.744281250,2.118784698442e-09
1420744867.188,1420.744867187,2.109081352492e-09
1420745453.125,1420.745453125,2.127484387192e-09
1420746039.062,1420.746039062,2.103174547478e-09
1420746625.000,1420.746625000,1.982942229385e-09
1420747210.938,1420.747210938,2.101764585647e-09
1420747796.875,1420.747796875,2.087478930228e-09
1420748382.812,1420.748382813,1.991621628886e-09
1420748968.750,1420.748968750,1.930658420950e-09
1420749554.688,1420.749554687,1.875995953720e-09
1420750140.625,1420.750140625,1.910933750102e-09
1420750726.562,1420.750726562,1.841929918481e-09
1420751312.500,1420.751312500,1.894512183725e-09
1420751898.438,1420.751898437,1.891525631064e-09
1420752484.375,1420.752484375,1.833213592176e-09
1420753070.312,1420.753070313,1.900639658550e-09
1420753656.250,1420.753656250,1.934535799672e-09
1420754242.188,1420.754242188,1.936578973803e-09
1420754828.125,1420.754828125,1.987873340753e-09
1420755414.062,1420.755414062,2.062073358266e-09
1420756000.000,1420.756000000,2.116691972305e-09
1420756585.938,1420.756585937,2.159371106503e-09
1420757171.875,1420.757171875,2.168590626236e-09
1420757757.812,1420.757757812,2.202831103973e-09
1420758343.750,1420.758343750,2.143061875621e-09
1420758929.688,1420.758929688,2.113290837991e-09
1420759515.625,1420.759515625,2.118404225345e-09
1420760101.562,1420.760101563,2.176418191348e-09
1420760687.500,1420.760687500,2.193286630033e-09
1420761273.438,1420.761273437,2.091800290218e-09
1420761859.375,1420.761859375,1.953617225252e-09
1420762445.312,1420.762445312,1.970408760529e-09
1420763031.250,1420.763031250,2.000003829132e-09
1420763617.188,1420.763617187,1.917785008935e-09
1420764203.125,1420.764203125,1.952220276023e-09
1420764789.062,1420.764789063,1.997107705551e-09
1420765375.000,1420.765375000,1.961649004807e-09
1420765960.938,1420.765960938,1.969321465844e-09
1420766546.875,1420.766546875,1.994187846836e-09
1420767132.812,1420.767132812,1.925808444686e-09
1420767718.750,1420.767718750,1.876687566759e-09
1420768304.688,1420.768304687,1.920381159188e-09
1420768890.625,1420.768890625,2.020253757273e-09
1420769476.562,1420.769476562,1.973264218561e-09
1420770062.500,1420.770062500,2.076452100397e-09
1420770648.438,1420.770648438,2.143020083566e-09
1420771234.375,1420.771234375,2.176708716925e-09
1420771820.312,1420.771820313,2.054233650780e-09
1420772406.250,1420.772406250,1.982854897348e-09
1420772992.188,1420.772992187,2.099062821955e-09
1420773578.125,1420.773578125,2.054765624504e-09
1420774164.062,1420.774164062,2.095197357191e-09
1420774750.000,1420.774750000,2.142854508129e-09
1420775335.938,1420.775335937,2.071270703269e-09
1420775921.875,1420.775921875,2.108717248473e-09
1420776507.812,1420.776507813,1.975251842482e-09
1420777093.750,1420.777093750,1.857575234814e-09
1420777679.688,1420.777679688,1.915650565690e-09
1420778265.625,1420.778265625,1.980397719485e-09
1420778851.562,1420.778851562,1.976712684150e-09
1420779437.500,1420.779437500,1.945575887303e-09
1420780023.438,1420.780023437,1.935515747657e-09
1420780609.375,1420.780609375,1.892239152592e-09
1420781195.312,1420.781195312,1.859647252755e-09
1420781781.250,1420.781781250,1.949163651208e-09
1420782367.188,1420.782367188,1.873220920384e-09
1420782953.125,1420.782953125,1.840279647582e-09
1420783539.062,1420.783539063,1.853128472221e-09
1420784125.000,1420.784125000,1.975015602397e-09
1420784710.938,1420.784710937,1.948543313277e-09
1420785296.875,1420.785296875,1.950787877002e-09
1420785882.812,1420.785882812,1.970808956259e-09
1420786468.750,1420.786468750,2.035268872752e-09
1420787054.688,1420.787054687,2.092508165664e-09
1420787640.625,1420.787640625,2.081463391244e-09
1420788226.562,1420.788226563,2.010784970494e-09
1420788812.500,1420.788812500,2.031749419696e-09
1420789398.438,1420.789398438,1.905128843784e-09
1420789984.375,1420.789984375,1.916682189020e-09
1420790570.312,1420.790570312,1.955390499930e-09
1420791156.250,1420.791156250,1.943867602517e-09
1420791742.188,1420.791742187,2.050060438653e-09
1420792328.125,1420.792328125,2.060586785515e-09
1420792914.062,1420.792914062,2.024651196733e-09
1420793500.000,1420.793500000,1.909849482354e-09
1420794085.938,1420.794085938,1.874126463025e-09
1420794671.875,1420.794671875,1.859424963152e-09
1420795257.812,1420.795257813,1.836550538556e-09
1420795843.750,1420.795843750,1.776392168045e-09
1420796429.688,1420.796429687,1.778713679293e-09
1420797015.625,1420.797015625,1.818277161635e-09
1420797601.562,1420.797601562,1.771730759001e-09
1420798187.500,1420.798187500,1.793387322493e-09
1420798773.438,1420.798773437,1.870418279843e-09
1420799359.375,1420.799359375,1.881465562150e-09
1420799945.312,1420.799945313,1.799192361066e-09
1420800531.250,1420.800531250,1.868035572278e-09
1420801117.188,1420.801117188,1.961852387338e-09
1420801703.125,1420.801703125,1.959134432632e-09
1420802289.062,1420.802289062,1.936895884300e-09
1420802875.000,1420.802875000,2.006394572848e-09
1420803460.938,1420.803460937,2.078899007254e-09
1420804046.875,1420.804046875,2.083888848175e-09
1420804632.812,1420.804632812,2.068189306120e-09
1420805218.750,1420.805218750,2.093608498828e-09
1420805804.688,1420.805804688,2.092211725760e-09
1420806390.625,1420.806390625,2.100746046877e-09
1420806976.562,1420.806976563,1.976211370896e-09
1420807562.500,1420.807562500,1.905431556729e-09
1420808148.438,1420.808148437,1.895633424429e-09
1420808734.375,1420.808734375,1.787894687492e-09
1420809320.312,1420.809320312,1.865326032750e-09
1420809906.250,1420.809906250,1.851208460404e-09
1420810492.188,1420.810492187,1.787461067808e-09
1420811078.125,1420.811078125,1.763347861295e-09
1420811664.062,1420.811664063,1.778531955012e-09
1420812250.000,1420.812250000,1.837487994235e-09
1420812835.938,1420.812835938,1.842442779798e-09
1420813421.875,1420.813421875,1.875225794474e-09
1420814007.812,1420.814007812,1.924512118663e-09
1420814593.750,1420.814593750,1.940236073179e-09
1420815179.688,1420.815179687,1.907730536817e-09
1420815765.625,1420.815765625,1.951264162139e-09
1420816351.562,1420.816351562,2.067685442409e-09
1420816937.500,1420.816937500,2.091687109449e-09
1420817523.438,1420.817523438,2.109724183021e-09
1420818109.375,1420.818109375,1.993319875407e-09
1420818695.312,1420.818695313,2.027821400752e-09
1420819281.250,1420.819281250,2.136143773960e-09
1420819867.188,1420.819867187,2.229673354979e-09
1420820453.125,1420.820453125,2.173766373559e-09
1420821039.062,1420.821039062,2.110044527889e-09
1420821625.000,1420.821625000,2.083242332816e-09
1420822210.938,1420.822210937,2.005998572424e-09
1420822796.875,1420.822796875,1.915220660902e-09
1420823382.812,1420.823382813,1.921644531441e-09
1420823968.750,1420.823968750,1.996799337546e-09
1420824554.688,1420.824554688,1.919287510977e-09
1420825140.625,1420.825140625,1.865533789753e-09
1420825726.562,1420.825726562,1.835835357821e-09
1420826312.500,1420.826312500,1.827971795927e-09
1420826898.438,1420.826898437,1.938218228519e-09
1420827484.375,1420.827484375,2.026585171486e-09
1420828070.312,1420.828070312,1.922627363396e-09
1420828656.250,1420.828656250,1.885149974783e-09
1420829242.188,1420.829242188,1.872849346598e-09
1420829828.125,1420.829828125,1.990750498318e-09
1420830414.062,1420.830414063,2.082836125367e-09
1420831000.000,1420.831000000,2.241077680870e-09
1420831585.938,1420.831585937,2.276203243665e-09
1420832171.875,1420.832171875,2.186230056183e-09
1420832757.812,1420.832757812,2.075765032576e-09
1420833343.750,1420.833343750,2.083076959568e-09
1420833929.688,1420.833929687,2.104948094686e-09
1420834515.625,1420.834515625,2.097567091645e-09
1420835101.562,1420.835101563,2.125125041921e-09
1420835687.500,1420.835687500,2.158840205857e-09
1420836273.438,1420.836273438,2.051421136507e-09
1420836859.375,1420.836859375,2.072900466008e-09
1420837445.312,1420.837445312,2.116371514683e-09
1420838031.250,1420.838031250,2.027529830782e-09
1420838617.188,1420.838617187,1.920902374958e-09
1420839203.125,1420.839203125,1.902480445519e-09
1420839789.062,1420.839789062,1.989006650312e-09
1420840375.000,1420.840375000,1.883486083943e-09
1420840960.938,1420.840960938,1.942237195962e-09
1420841546.875,1420.841546875,1.901826937971e-09
1420842132.812,1420.842132813,1.849411014683e-09
1420842718.750,1420.842718750,1.849522979735e-09
1420843304.688,1420.843304687,1.897361426065e-09
1420843890.625,1420.843890625,1.952813098615e-09
1420844476.562,1420.844476562,1.988399740100e-09
1420845062.500,1420.845062500,2.065771837672e-09
1420845648.438,1420.845648437,2.038679817969e-09
1420846234.375,1420.846234375,2.079487708552e-09
1420846820.312,1420.846820313,2.124704539573e-09
1420847406.250,1420.847406250,2.068060368423e-09
1420847992.188,1420.847992188,2.059457392726e-09
1420848578.125,1420.848578125,2.172615683891e-09
1420849164.062,1420.849164062,2.217313195729e-09
1420849750.000,1420.849750000,2.195037094598e-09
1420850335.938,1420.850335937,2.149718628860e-09
1420850921.875,1420.850921875,2.161742427226e-09
1420851507.812,1420.851507812,2.193766654955e-09
1420852093.750,1420.852093750,2.107879493633e-09
1420852679.688,1420.852679688,2.073026114860e-09
1420853265.625,1420.853265625,2.062131788571e-09
1420853851.562,1420.853851563,2.028102153006e-09
1420854437.500,1420.854437500,1.977965702976e-09
1420855023.438,1420.855023437,1.963656627209e-09
1420855609.375,1420.855609375,2.038932671055e-09
1420856195.312,1420.856195312,1.859358875556e-09
1420856781.250,1420.856781250,1.824272499775e-09
1420857367.188,1420.857367187,1.922422271540e-09
1420857953.125,1420.857953125,1.872453424863e-09
1420858539.062,1420.858539063,1.905307398683e-09
1420859125.000,1420.859125000,2.005916124330e-09
1420859710.938,1420.859710938,1.945922839425e-09
1420860296.875,1420.860296875,1.913439804978e-09
1420860882.812,1420.860882812,1.995981169850e-09
1420861468.750,1420.861468750,1.983845659844e-09
1420862054.688,1420.862054687,1.920841644740e-09
1420862640.625,1420.862640625,2.031166531069e-09
1420863226.562,1420.863226562,2.141994715342e-09
1420863812.500,1420.863812500,2.024330528232e-09
1420864398.438,1420.864398438,2.160255298183e-09
1420864984.375,1420.864984375,2.129832347782e-09
1420865570.312,1420.865570313,2.087980064936e-09
1420866156.250,1420.866156250,2.070339644098e-09
1420866742.188,1420.866742187,1.945975535180e-09
1420867328.125,1420.867328125,1.918154904156e-09
1420867914.062,1420.867914062,1.979903898754e-09
1420868500.000,1420.868500000,2.144812384870e-09
1420869085.938,1420.869085937,1.923798209865e-09
1420869671.875,1420.869671875,1.888767177500e-09
1420870257.812,1420.870257813,1.946596340587e-09
1420870843.750,1420.870843750,1.780652976570e-09
1420871429.688,1420.871429688,1.883833297480e-09
1420872015.625,1420.872015625,1.834700534239e-09
1420872601.562,1420.872601562,1.765386267033e-09
1420873187.500,1420.873187500,1.787833480133e-09
1420873773.438,1420.873773437,1.938203860306e-09
1420874359.375,1420.874359375,1.953575266615e-09
1420874945.312,1420.874945312,1.985530511709e-09
1420875531.250,1420.875531250,1.988865452023e-09
1420876117.188,1420.876117188,1.966053081709e-09
1420876703.125,1420.876703125,2.041432777918e-09
1420877289.062,1420.877289063,2.011761734186e-09
1420877875.000,1420.877875000,1.994419079926e-09
1420878460.938,1420.878460937,2.071030978582e-09
1420879046.875,1420.879046875,2.135669416439e-09
1420879632.812,1420.879632812,2.105673703505e-09
1420880218.750,1420.880218750,2.006929607614e-09
1420880804.688,1420.880804687,1.967146581043e-09
1420881390.625,1420.881390625,1.898513209656e-09
1420881976.562,1420.881976563,1.945169188891e-09
1420882562.500,1420.882562500,1.917117960897e-09
1420883148.438,1420.883148438,1.965745984840e-09
1420883734.375,1420.883734375,1.972370477558e-09
1420884320.312,1420.884320312,1.869740193426e-09
1420884906.250,1420.884906250,1.850870642941e-09
1420885492.188,1420.885492187,1.732701908144e-09
1420886078.125,1420.886078125,1.784073616028e-09
1420886664.062,1420.886664062,1.818239910144e-09
1420887250.000,1420.887250000,1.796824181667e-09
1420887835.938,1420.887835938,1.818188315404e-09
1420888421.875,1420.888421875,1.864907549399e-09
1420889007.812,1420.889007813,1.926822034904e-09
1420889593.750,1420.889593750,1.946316082865e-09
1420890179.688,1420.890179687,2.006867846514e-09
1420890765.625,1420.890765625,1.943659711744e-09
1420891351.562,1420.891351562,1.952309690461e-09
1420891937.500,1420.891937500,2.050968204465e-09
1420892523.438,1420.892523437,2.104607662333e-09
1420893109.375,1420.893109375,2.075179245746e-09
1420893695.312,1420.893695313,2.040901348228e-09
1420894281.250,1420.894281250,2.055101556530e-09
1420894867.188,1420.894867188,1.968844010052e-09
1420895453.125,1420.895453125,1.995040255201e-09
1420896039.062,1420.896039062,2.070172052123e-09
1420896625.000,1420.896625000,2.116382437909e-09
1420897210.938,1420.897210937,2.179910244595e-09
1420897796.875,1420.897796875,2.037059938232e-09
1420898382.812,1420.898382812,1.967171758191e-09
1420898968.750,1420.898968750,1.967645516160e-09
1420899554.688,1420.899554688,2.032910193374e-09
1420900140.625,1420.900140625,2.014240315409e-09
1420900726.562,1420.900726563,1.875393425066e-09
1420901312.500,1420.901312500,1.879703082081e-09
1420901898.438,1420.901898437,1.843546630941e-09
1420902484.375,1420.902484375,1.810843440335e-09
1420903070.312,1420.903070312,1.833660829262e-09
1420903656.250,1420.903656250,1.911429842818e-09
1420904242.188,1420.904242187,1.987517234453e-09
1420904828.125,1420.904828125,1.904913343282e-09
1420905414.062,1420.905414063,1.913452142781e-09
1420906000.000,1420.906000000,1.963606952683e-09
1420906585.938,1420.906585938,2.036936928150e-09
1420907171.875,1420.907171875,2.263779892244e-09
1420907757.812,1420.907757812,2.047289910930e-09
1420908343.750,1420.908343750,2.017372991029e-09
1420908929.688,1420.908929687,2.153457600291e-09
1420909515.625,1420.909515625,2.193690074580e-09
1420910101.562,1420.910101562,2.168029138940e-09
1420910687.500,1420.910687500,2.152914012869e-09
1420911273.438,1420.911273438,2.182450642387e-09
1420911859.375,1420.911859375,2.074690612843e-09
1420912445.312,1420.912445313,2.082984024602e-09
1420913031.250,1420.913031250,1.931929139849e-09
1420913617.188,1420.913617187,1.934512614856e-09
1420914203.125,1420.914203125,2.108373033542e-09
1420914789.062,1420.914789062,2.058273496932e-09
1420915375.000,1420.915375000,1.958348306987e-09
1420915960.938,1420.915960937,1.926669694905e-09
1420916546.875,1420.916546875,1.946867354777e-09
1420917132.812,1420.917132813,1.893236424682e-09
1420917718.750,1420.917718750,1.869756422518e-09
1420918304.688,1420.918304688,1.855174800218e-09
1420918890.625,1420.918890625,2.024451248719e-09
1420919476.562,1420.919476562,1.972915217740e-09
1420920062.500,1420.920062500,1.979714771977e-09
1420920648.438,1420.920648437,2.103793005686e-09
1420921234.375,1420.921234375,2.268964010026e-09
1420921820.312,1420.921820312,2.300905317642e-09
1420922406.250,1420.922406250,2.316923024662e-09
1420922992.188,1420.922992188,2.448930839983e-09
1420923578.125,1420.923578125,2.263762759890e-09
1420924164.062,1420.924164063,2.143956499296e-09
1420924750.000,1420.924750000,2.201665525847e-09
1420925335.938,1420.925335937,2.310210357763e-09
1420925921.875,1420.925921875,2.330770100154e-09
1420926507.812,1420.926507812,2.247065746775e-09
1420927093.750,1420.927093750,2.096289425790e-09
1420927679.688,1420.927679687,2.079079210868e-09
1420928265.625,1420.928265625,1.989622703502e-09
1420928851.562,1420.928851563,1.906750016790e-09
1420929437.500,1420.929437500,2.017727921862e-09
1420930023.438,1420.930023438,2.090344867192e-09
1420930609.375,1420.930609375,2.045502270742e-09
1420931195.312,1420.931195312,2.121950772077e-09
1420931781.250,1420.931781250,2.001799590106e-09
1420932367.188,1420.932367187,1.878747957380e-09
1420932953.125,1420.932953125,1.998522253347e-09
1420933539.062,1420.933539062,2.072935853621e-09
1420934125.000,1420.934125000,2.142183088370e-09
1420934710.938,1420.934710938,2.135361969623e-09
1420935296.875,1420.935296875,2.145344603541e-09
1420935882.812,1420.935882813,2.095294854676e-09
1420936468.750,1420.936468750,2.083861309930e-09
1420937054.688,1420.937054687,2.142818062914e-09
1420937640.625,1420.937640625,2.178849940586e-09
1420938226.562,1420.938226562,2.168373950845e-09
1420938812.500,1420.938812500,2.234989356374e-09
1420939398.438,1420.939398437,2.241373716420e-09
1420939984.375,1420.939984375,2.192167201884e-09
1420940570.312,1420.940570313,2.139877492737e-09
1420941156.250,1420.941156250,2.036005104809e-09
1420941742.188,1420.941742188,2.049569612282e-09
1420942328.125,1420.942328125,2.114237544877e-09
1420942914.062,1420.942914062,2.045423841150e-09
1420943500.000,1420.943500000,2.060207134061e-09
1420944085.938,1420.944085937,2.017804997810e-09
1420944671.875,1420.944671875,2.027776092167e-09
1420945257.812,1420.945257812,2.035035710697e-09
1420945843.750,1420.945843750,1.901721752211e-09
1420946429.688,1420.946429688,1.968272429071e-09
1420947015.625,1420.947015625,1.965017635994e-09
1420947601.562,1420.947601563,1.983502230904e-09
1420948187.500,1420.948187500,2.095482825564e-09
1420948773.438,1420.948773437,2.100607149044e-09
1420949359.375,1420.949359375,2.060908758556e-09
1420949945.312,1420.949945312,2.067996643524e-09
1420950531.250,1420.950531250,2.050150514946e-09
1420951117.188,1420.951117187,2.131454263937e-09
1420951703.125,1420.951703125,2.088639155167e-09
1420952289.062,1420.952289063,2.075049647421e-09
1420952875.000,1420.952875000,2.216226029722e-09
1420953460.938,1420.953460938,2.286705750853e-09
1420954046.875,1420.954046875,2.073774380989e-09
1420954632.812,1420.954632812,1.992939317828e-09
1420955218.750,1420.955218750,2.151114765515e-09
1420955804.688,1420.955804687,2.157584882867e-09
1420956390.625,1420.956390625,2.032381818276e-09
1420956976.562,1420.956976562,2.003660634294e-09
1420957562.500,1420.957562500,1.969812589428e-09
1420958148.438,1420.958148438,2.002609011941e-09
1420958734.375,1420.958734375,2.090418640624e-09
1420959320.312,1420.959320313,2.086272542636e-09
1420959906.250,1420.959906250,1.989464190622e-09
1420960492.188,1420.960492187,1.937558370303e-09
1420961078.125,1420.961078125,1.894728077569e-09
1420961664.062,1420.961664062,1.873453192359e-09
1420962250.000,1420.962250000,1.900977984463e-09
1420962835.938,1420.962835937,2.133491680858e-09
1420963421.875,1420.963421875,2.073157055903e-09
1420964007.812,1420.964007813,1.968980658159e-09
1420964593.750,1420.964593750,2.062094890955e-09
1420965179.688,1420.965179688,2.096523640065e-09
1420965765.625,1420.965765625,2.049378076224e-09
1420966351.562,1420.966351562,2.187613501179e-09
1420966937.500,1420.966937500,2.275409601469e-09
1420967523.438,1420.967523437,2.059968699070e-09
1420968109.375,1420.968109375,2.078973019490e-09
1420968695.312,1420.968695312,2.188918223469e-09
1420969281.250,1420.969281250,2.308979577310e-09
1420969867.188,1420.969867188,2.330299909695e-09
1420970453.125,1420.970453125,2.201693217414e-09
1420971039.062,1420.971039063,2.179451214834e-09
1420971625.000,1420.971625000,2.138536497254e-09
1420972210.938,1420.972210937,2.021652770306e-09
1420972796.875,1420.972796875,2.143745375287e-09
1420973382.812,1420.973382812,2.297150162487e-09
1420973968.750,1420.973968750,2.210006295305e-09
1420974554.688,1420.974554687,2.057062380667e-09
1420975140.625,1420.975140625,2.062382671474e-09
1420975726.562,1420.975726563,1.991769286291e-09
1420976312.500,1420.976312500,1.926294918585e-09
1420976898.438,1420.976898438,2.007979967027e-09
1420977484.375,1420.977484375,2.082930287992e-09
1420978070.312,1420.978070312,2.112949975235e-09
1420978656.250,1420.978656250,2.101107727426e-09
1420979242.188,1420.979242187,2.031396147048e-09
1420979828.125,1420.979828125,2.061712233911e-09
1420980414.062,1420.980414062,2.172392903594e-09
1420981000.000,1420.981000000,2.168163535606e-09
1420981585.938,1420.981585938,2.149346322058e-09
1420982171.875,1420.982171875,2.189902073588e-09
1420982757.812,1420.982757813,2.250007340704e-09
1420983343.750,1420.983343750,2.190492535940e-09
1420983929.688,1420.983929687,2.330893128416e-09
1420984515.625,1420.984515625,2.326035922373e-09
1420985101.562,1420.985101562,2.234975464859e-09
1420985687.500,1420.985687500,2.140821618764e-09
1420986273.438,1420.986273437,2.165298302250e-09
1420986859.375,1420.986859375,2.112820737132e-09
1420987445.312,1420.987445313,2.100249731387e-09
1420988031.250,1420.988031250,2.008346519977e-09
1420988617.188,1420.988617188,1.980316717607e-09
1420989203.125,1420.989203125,1.961510004443e-09
1420989789.062,1420.989789062,2.009050992848e-09
1420990375.000,1420.990375000,1.995517753400e-09
1420990960.938,1420.990960937,1.927162413005e-09
1420991546.875,1420.991546875,2.006251160914e-09
1420992132.812,1420.992132812,1.963916011533e-09
1420992718.750,1420.992718750,1.880516030720e-09
1420993304.688,1420.993304688,1.940235974273e-09
1420993890.625,1420.993890625,2.133529316141e-09
1420994476.562,1420.994476563,2.115069663370e-09
1420995062.500,1420.995062500,2.122277416932e-09
1420995648.438,1420.995648437,2.249610983797e-09
1420996234.375,1420.996234375,2.157011870479e-09
1420996820.312,1420.996820312,2.162745256846e-09
1420997406.250,1420.997406250,2.123859818309e-09
1420997992.188,1420.997992187,2.187741487608e-09
1420998578.125,1420.998578125,2.310848994726e-09
1420999164.062,1420.999164063,2.364518456064e-09
1420999750.000,1420.999750000,2.287834544312e-09
1421000335.938,1421.000335938,2.236713706828e-09
1421000921.875,1421.000921875,2.183524181548e-09
1421001507.812,1421.001507812,2.100957046763e-09
1421002093.750,1421.002093750,2.207412781981e-09
1421002679.688,1421.002679687,2.140745846931e-09
1421003265.625,1421.003265625,2.134705803750e-09
1421003851.562,1421.003851562,2.153422567117e-09
1421004437.500,1421.004437500,2.126551986700e-09
1421005023.438,1421.005023438,2.050412471553e-09
1421005609.375,1421.005609375,2.058112642148e-09
1421006195.312,1421.006195313,2.131188381912e-09
1421006781.250,1421.006781250,2.078408055858e-09
1421007367.188,1421.007367187,1.994679212671e-09
1421007953.125,1421.007953125,2.009403000684e-09
1421008539.062,1421.008539062,2.221641707144e-09
1421009125.000,1421.009125000,2.272121167146e-09
1421009710.938,1421.009710937,2.139134120181e-09
1421010296.875,1421.010296875,2.183207400978e-09
1421010882.812,1421.010882813,2.253919630769e-09
1421011468.750,1421.011468750,2.362248917522e-09
1421012054.688,1421.012054688,2.302648021112e-09
1421012640.625,1421.012640625,2.424123549627e-09
1421013226.562,1421.013226562,2.500379980132e-09
1421013812.500,1421.013812500,2.269098499790e-09
1421014398.438,1421.014398437,2.322972932500e-09
1421014984.375,1421.014984375,2.345415432342e-09
1421015570.312,1421.015570312,2.360668841576e-09
1421016156.250,1421.016156250,2.349225893539e-09
1421016742.188,1421.016742188,2.520036113839e-09
1421017328.125,1421.017328125,2.360729742291e-09
1421017914.062,1421.017914063,2.219582752547e-09
1421018500.000,1421.018500000,2.180750749896e-09
1421019085.938,1421.019085937,2.310363675703e-09
1421019671.875,1421.019671875,2.276306315026e-09
1421020257.812,1421.020257812,2.121608624612e-09
1421020843.750,1421.020843750,2.264352522295e-09
1421021429.688,1421.021429687,2.226716931866e-09
1421022015.625,1421.022015625,2.117226626127e-09
1421022601.562,1421.022601563,2.170765596912e-09
1421023187.500,1421.023187500,2.225408495928e-09
1421023773.438,1421.023773438,2.236761423968e-09
1421024359.375,1421.024359375,2.254676168239e-09
1421024945.312,1421.024945312,2.305038570115e-09
1421025531.250,1421.025531250,2.262149368003e-09
1421026117.188,1421.026117187,2.397755094100e-09
1421026703.125,1421.026703125,2.451441411448e-09
1421027289.062,1421.027289062,2.346555755051e-09
1421027875.000,1421.027875000,2.306533086287e-09
1421028460.938,1421.028460938,2.377729748804e-09
1421029046.875,1421.029046875,2.474530816659e-09
1421029632.812,1421.029632813,2.483568731934e-09
1421030218.750,1421.030218750,2.443577219831e-09
1421030804.688,1421.030804687,2.472075437173e-09
1421031390.625,1421.031390625,2.476382087681e-09
1421031976.562,1421.031976562,2.314417388046e-09
1421032562.500,1421.032562500,2.287954519991e-09
1421033148.438,1421.033148437,2.238753239857e-09
1421033734.375,1421.033734375,2.176348830028e-09
1421034320.312,1421.034320313,2.134222512338e-09
1421034906.250,1421.034906250,2.214227706384e-09
1421035492.188,1421.035492188,2.109560590203e-09
1421036078.125,1421.036078125,2.092634317787e-09
1421036664.062,1421.036664062,2.203159838333e-09
1421037250.000,1421.037250000,2.220232379127e-09
1421037835.938,1421.037835937,2.030348473988e-09
1421038421.875,1421.038421875,2.072110737211e-09
1421039007.812,1421.039007812,2.098216982547e-09
1421039593.750,1421.039593750,2.085350540311e-09
1421040179.688,1421.040179688,2.080940967381e-09
1421040765.625,1421.040765625,2.268373363847e-09
1421041351.562,1421.041351563,2.306490950314e-09
1421041937.500,1421.041937500,2.209803778033e-09
1421042523.438,1421.042523437,2.357135026042e-09
1421043109.375,1421.043109375,2.302461285755e-09
1421043695.312,1421.043695312,2.335256498388e-09
1421044281.250,1421.044281250,2.284798475117e-09
1421044867.188,1421.044867187,2.327898466271e-09
1421045453.125,1421.045453125,2.350585729095e-09
1421046039.062,1421.046039063,2.453987854562e-09
1421046625.000,1421.046625000,2.474019380261e-09
1421047210.938,1421.047210938,2.301577610741e-09
1421047796.875,1421.047796875,2.271357589609e-09
1421048382.812,1421.048382812,2.372653467079e-09
1421048968.750,1421.048968750,2.227640231114e-09
1421049554.688,1421.049554687,2.164935270592e-09
1421050140.625,1421.050140625,2.221489657297e-09
1421050726.562,1421.050726562,2.244063667896e-09
1421051312.500,1421.051312500,2.149179292307e-09
1421051898.438,1421.051898438,2.032730066277e-09
1421052484.375,1421.052484375,2.146467093496e-09
1421053070.312,1421.053070313,2.206065325714e-09
1421053656.250,1421.053656250,2.161755346362e-09
1421054242.188,1421.054242187,2.097381650308e-09
1421054828.125,1421.054828125,2.110858824499e-09
1421055414.062,1421.055414062,2.215547134219e-09
1421056000.000,1421.056000000,2.118617802645e-09
1421056585.938,1421.056585937,2.225167365264e-09
1421057171.875,1421.057171875,2.406540184403e-09
1421057757.812,1421.057757813,2.378492336791e-09
1421058343.750,1421.058343750,2.268872032695e-09
1421058929.688,1421.058929688,2.262571377821e-09
1421059515.625,1421.059515625,2.406332401367e-09
1421060101.562,1421.060101562,2.344227786187e-09
1421060687.500,1421.060687500,2.260501013851e-09
1421061273.438,1421.061273437,2.323015626768e-09
1421061859.375,1421.061859375,2.218744577269e-09
1421062445.312,1421.062445312,2.111462806068e-09
1421063031.250,1421.063031250,2.167310528880e-09
1421063617.188,1421.063617188,2.185526700984e-09
1421064203.125,1421.064203125,2.161453721290e-09
1421064789.062,1421.064789063,2.147123290710e-09
1421065375.000,1421.065375000,2.106866694485e-09
1421065960.938,1421.065960937,1.998533155377e-09
1421066546.875,1421.066546875,1.973745692091e-09
1421067132.812,1421.067132812,2.114511461512e-09
1421067718.750,1421.067718750,2.061667593642e-09
1421068304.688,1421.068304687,2.023640164139e-09
1421068890.625,1421.068890625,2.076866851306e-09
1421069476.562,1421.069476563,2.197444841348e-09
1421070062.500,1421.070062500,2.190443952199e-09
1421070648.438,1421.070648438,2.085937834296e-09
1421071234.375,1421.071234375,2.233460838888e-09
1421071820.312,1421.071820312,2.232012505568e-09
1421072406.250,1421.072406250,2.260108371060e-09
1421072992.188,1421.072992187,2.326098876396e-09
1421073578.125,1421.073578125,2.348979366673e-09
1421074164.062,1421.074164062,2.405640363168e-09
1421074750.000,1421.074750000,2.411276140873e-09
1421075335.938,1421.075335938,2.267512887967e-09
1421075921.875,1421.075921875,2.394199526027e-09
1421076507.812,1421.076507813,2.385154454822e-09
1421077093.750,1421.077093750,2.342060457676e-09
1421077679.688,1421.077679687,2.250763207392e-09
1421078265.625,1421.078265625,2.312480045742e-09
1421078851.562,1421.078851562,2.317737578813e-09
1421079437.500,1421.079437500,2.249602745704e-09
1421080023.438,1421.080023437,2.200127043364e-09
1421080609.375,1421.080609375,2.157230259515e-09
1421081195.312,1421.081195313,2.142269601257e-09
1421081781.250,1421.081781250,2.159422230829e-09
1421082367.188,1421.082367188,2.058475507214e-09
1421082953.125,1421.082953125,2.030674624645e-09
1421083539.062,1421.083539062,2.137474889045e-09
1421084125.000,1421.084125000,2.144336369690e-09
1421084710.938,1421.084710937,2.201405893064e-09
1421085296.875,1421.085296875,2.193977165630e-09
1421085882.812,1421.085882812,2.209000001077e-09
1421086468.750,1421.086468750,2.222168325398e-09
1421087054.688,1421.087054688,2.267690092322e-09
1421087640.625,1421.087640625,2.267012176637e-09
1421088226.562,1421.088226563,2.244912120702e-09
1421088812.500,1421.088812500,2.238438654957e-09
1421089398.438,1421.089398437,2.277583083886e-09
1421089984.375,1421.089984375,2.247501773964e-09
1421090570.312,1421.090570312,2.143072461833e-09
1421091156.250,1421.091156250,2.272786938726e-09
1421091742.188,1421.091742187,2.153103983740e-09
1421092328.125,1421.092328125,2.069844722983e-09
1421092914.062,1421.092914063,2.166395298894e-09
1421093500.000,1421.093500000,2.187453104230e-09
1421094085.938,1421.094085938,2.156976650362e-09
1421094671.875,1421.094671875,2.098132197319e-09
1421095257.812,1421.095257812,2.055919963554e-09
1421095843.750,1421.095843750,1.977224045810e-09
1421096429.688,1421.096429687,2.032821630597e-09
1421097015.625,1421.097015625,2.046198234933e-09
1421097601.562,1421.097601562,2.209095766108e-09
1421098187.500,1421.098187500,2.236126017138e-09
1421098773.438,1421.098773438,2.197338763085e-09
1421099359.375,1421.099359375,2.245079049516e-09
1421099945.312,1421.099945313,2.185126761211e-09
1421100531.250,1421.100531250,2.161767111688e-09
1421101117.188,1421.101117187,2.182070512453e-09
1421101703.125,1421.101703125,2.228042056854e-09
1421102289.062,1421.102289062,2.423281322481e-09
1421102875.000,1421.102875000,2.450143376421e-09
1421103460.938,1421.103460937,2.535850636356e-09
1421104046.875,1421.104046875,2.425035936585e-09
1421104632.812,1421.104632813,2.285787512095e-09
1421105218.750,1421.105218750,2.248825765409e-09
1421105804.688,1421.105804688,2.216282393241e-09
1421106390.625,1421.106390625,2.310888313368e-09
1421106976.562,1421.106976562,2.453354629843e-09
1421107562.500,1421.107562500,2.533593263223e-09
1421108148.438,1421.108148437,2.384854326086e-09
1421108734.375,1421.108734375,2.229370955017e-09
1421109320.312,1421.109320312,2.248906313641e-09
1421109906.250,1421.109906250,2.203965380087e-09
1421110492.188,1421.110492188,2.219553230844e-09
1421111078.125,1421.111078125,2.280529479943e-09
1421111664.062,1421.111664063,2.313141024502e-09
1421112250.000,1421.112250000,2.247665710078e-09
1421112835.938,1421.112835937,2.162477738247e-09
1421113421.875,1421.113421875,2.243954296162e-09
1421114007.812,1421.114007812,2.300688375662e-09
1421114593.750,1421.114593750,2.359405546633e-09
1421115179.688,1421.115179687,2.566493074567e-09
1421115765.625,1421.115765625,2.487614769663e-09
1421116351.562,1421.116351563,2.435470098960e-09
1421116937.500,1421.116937500,2.500861354566e-09
1421117523.438,1421.117523438,2.578652376412e-09
1421118109.375,1421.118109375,2.552855300025e-09
1421118695.312,1421.118695312,2.571327075299e-09
1421119281.250,1421.119281250,2.559798197990e-09
1421119867.188,1421.119867187,2.564944254871e-09
1421120453.125,1421.120453125,2.448314673801e-09
1421121039.062,1421.121039062,2.334429351582e-09
1421121625.000,1421.121625000,2.347560117864e-09
1421122210.938,1421.122210938,2.372719118733e-09
1421122796.875,1421.122796875,2.336305015699e-09
1421123382.812,1421.123382813,2.298090659384e-09
1421123968.750,1421.123968750,2.306789854272e-09
1421124554.688,1421.124554687,2.228509098551e-09
1421125140.625,1421.125140625,2.197274497801e-09
1421125726.562,1421.125726562,2.225678206049e-09
1421126312.500,1421.126312500,2.151593661835e-09
1421126898.438,1421.126898437,2.104988278951e-09
1421127484.375,1421.127484375,2.175453480177e-09
1421128070.312,1421.128070313,2.166519440556e-09
1421128656.250,1421.128656250,2.198738618432e-09
1421129242.188,1421.129242188,2.218373642616e-09
1421129828.125,1421.129828125,2.207161204154e-09
1421130414.062,1421.130414062,2.285699916191e-09
1421131000.000,1421.131000000,2.327907381537e-09
1421131585.938,1421.131585937,2.436078724852e-09
1421132171.875,1421.132171875,2.444681690713e-09
1421132757.812,1421.132757812,2.525766147081e-09
1421133343.750,1421.133343750,2.457821145783e-09
1421133929.688,1421.133929688,2.478056382230e-09
1421134515.625,1421.134515625,2.523246908011e-09
1421135101.562,1421.135101563,2.559636799505e-09
1421135687.500,1421.135687500,2.450301492953e-09
1421136273.438,1421.136273437,2.275775894746e-09
1421136859.375,1421.136859375,2.318182691765e-09
1421137445.312,1421.137445312,2.258567948112e-09
1421138031.250,1421.138031250,2.182088575607e-09
1421138617.188,1421.138617187,2.199678849765e-09
1421139203.125,1421.139203125,2.215078433989e-09
1421139789.062,1421.139789063,2.122774297696e-09
1421140375.000,1421.140375000,2.030262122938e-09
1421140960.938,1421.140960938,2.013419408362e-09
1421141546.875,1421.141546875,2.129591329233e-09
1421142132.812,1421.142132812,2.344415815415e-09
1421142718.750,1421.142718750,2.157156470599e-09
1421143304.688,1421.143304687,2.061265892927e-09
1421143890.625,1421.143890625,2.143395611466e-09
1421144476.562,1421.144476562,2.202178165434e-09
1421145062.500,1421.145062500,2.372152872115e-09
1421145648.438,1421.145648438,2.534779091002e-09
1421146234.375,1421.146234375,2.426750240275e-09
1421146820.312,1421.146820313,2.280905331920e-09
1421147406.250,1421.147406250,2.361608414527e-09
1421147992.188,1421.147992187,2.410414667747e-09
1421148578.125,1421.148578125,2.504869138538e-09
1421149164.062,1421.149164062,2.625208094467e-09
1421149750.000,1421.149750000,2.655088724615e-09
1421150335.938,1421.150335937,2.478669997764e-09
1421150921.875,1421.150921875,2.325174834546e-09
1421151507.812,1421.151507813,2.468193840667e-09
1421152093.750,1421.152093750,2.403954321669e-09
1421152679.688,1421.152679688,2.291408146431e-09
1421153265.625,1421.153265625,2.196528229010e-09
1421153851.562,1421.153851562,2.131119377754e-09
1421154437.500,1421.154437500,2.163889924359e-09
1421155023.438,1421.155023437,2.137291880272e-09
1421155609.375,1421.155609375,2.160990620138e-09
1421156195.312,1421.156195312,2.040406484825e-09
1421156781.250,1421.156781250,2.068483567365e-09
1421157367.188,1421.157367188,2.046480524107e-09
1421157953.125,1421.157953125,2.032799272145e-09
1421158539.062,1421.158539063,2.163098124407e-09
1421159125.000,1421.159125000,2.207569640271e-09
1421159710.938,1421.159710937,2.165557737188e-09
1421160296.875,1421.160296875,2.272408681931e-09
1421160882.812,1421.160882812,2.305152403202e-09
1421161468.750,1421.161468750,2.344361261551e-09
1421162054.688,1421.162054687,2.349236079198e-09
1421162640.625,1421.162640625,2.310969764720e-09
1421163226.562,1421.163226563,2.357459218995e-09
1421163812.500,1421.163812500,2.445704842668e-09
1421164398.438,1421.164398438,2.419430698666e-09
1421164984.375,1421.164984375,2.410805394322e-09
1421165570.312,1421.165570312,2.360055165492e-09
1421166156.250,1421.166156250,2.348976283484e-09
1421166742.188,1421.166742187,2.305400318866e-09
1421167328.125,1421.167328125,2.228362607436e-09
1421167914.062,1421.167914062,2.208452547199e-09
1421168500.000,1421.168500000,2.325042437734e-09
1421169085.938,1421.169085938,2.278904644260e-09
1421169671.875,1421.169671875,2.192296771347e-09
1421170257.812,1421.170257813,2.194047309243e-09
1421170843.750,1421.170843750,2.128107962510e-09
1421171429.688,1421.171429687,2.139745400775e-09
1421172015.625,1421.172015625,2.111113220905e-09
1421172601.562,1421.172601562,2.151288513491e-09
1421173187.500,1421.173187500,2.241355372960e-09
1421173773.438,1421.173773437,2.236301508216e-09
1421174359.375,1421.174359375,2.215731664334e-09
1421174945.312,1421.174945313,2.137118433426e-09
1421175531.250,1421.175531250,2.189524554922e-09
1421176117.188,1421.176117188,2.357157717743e-09
1421176703.125,1421.176703125,2.422974951868e-09
1421177289.062,1421.177289062,2.418238192005e-09
1421177875.000,1421.177875000,2.550562722514e-09
1421178460.938,1421.178460937,2.512813089056e-09
1421179046.875,1421.179046875,2.424410641688e-09
1421179632.812,1421.179632812,2.609513529828e-09
1421180218.750,1421.180218750,2.667765704145e-09
1421180804.688,1421.180804688,2.486689054705e-09
1421181390.625,1421.181390625,2.470412217290e-09
1421181976.562,1421.181976563,2.619302175158e-09
1421182562.500,1421.182562500,2.327211400180e-09
1421183148.438,1421.183148437,2.224520464280e-09
1421183734.375,1421.183734375,2.211706372823e-09
1421184320.312,1421.184320312,2.266893535949e-09
1421184906.250,1421.184906250,2.161446788028e-09
1421185492.188,1421.185492187,2.135042618070e-09
1421186078.125,1421.186078125,2.313959591054e-09
1421186664.062,1421.186664063,2.180689146977e-09
1421187250.000,1421.187250000,2.144230364844e-09
1421187835.938,1421.187835938,2.210089762289e-09
1421188421.875,1421.188421875,2.220161672039e-09
1421189007.812,1421.189007812,2.195247048544e-09
1421189593.750,1421.189593750,2.210798587054e-09
1421190179.688,1421.190179687,2.322199764088e-09
1421190765.625,1421.190765625,2.202822654198e-09
1421191351.562,1421.191351562,2.316919057600e-09
1421191937.500,1421.191937500,2.428589586858e-09
1421192523.438,1421.192523438,2.374241232841e-09
1421193109.375,1421.193109375,2.432306455227e-09
1421193695.312,1421.193695313,2.494808838488e-09
1421194281.250,1421.194281250,2.491683561888e-09
1421194867.188,1421.194867187,2.304817327621e-09
1421195453.125,1421.195453125,2.382933753258e-09
1421196039.062,1421.196039062,2.508002698633e-09
1421196625.000,1421.196625000,2.323192508033e-09
1421197210.938,1421.197210937,2.292313052312e-09
1421197796.875,1421.197796875,2.413121007405e-09
1421198382.812,1421.198382813,2.281445024382e-09
1421198968.750,1421.198968750,2.123112011285e-09
1421199554.688,1421.199554688,2.230424233763e-09
1421200140.625,1421.200140625,2.310700015151e-09
1421200726.562,1421.200726562,2.250443305259e-09
1421201312.500,1421.201312500,2.281868841206e-09
1421201898.438,1421.201898437,2.221236840599e-09
1421202484.375,1421.202484375,2.181075123568e-09
1421203070.312,1421.203070312,2.232667503400e-09
1421203656.250,1421.203656250,2.256170807219e-09
1421204242.188,1421.204242188,2.235012453189e-09
1421204828.125,1421.204828125,2.267989844627e-09
1421205414.062,1421.205414063,1.907189173293e-09
1421206000.000,1421.206000000,7.626284276929e-10
1421206585.938,1421.206585937,1.970862954253e-09
1421207171.875,1421.207171875,2.416715219972e-09
1421207757.812,1421.207757812,2.444231997105e-09
1421208343.750,1421.208343750,2.459426548732e-09
1421208929.688,1421.208929687,2.433062242326e-09
1421209515.625,1421.209515625,2.465610250809e-09
1421210101.562,1421.210101563,2.527177238165e-09
1421210687.500,1421.210687500,2.472875896927e-09
1421211273.438,1421.211273438,2.488318922692e-09
1421211859.375,1421.211859375,2.386395231525e-09
1421212445.312,1421.212445312,2.301627062069e-09
1421213031.250,1421.213031250,2.294760333984e-09
1421213617.188,1421.213617187,2.236192438130e-09
1421214203.125,1421.214203125,2.142198789217e-09
1421214789.062,1421.214789062,2.154939954887e-09
1421215375.000,1421.215375000,2.178565080089e-09
1421215960.938,1421.215960938,2.137927114494e-09
1421216546.875,1421.216546875,2.197814403877e-09
1421217132.812,1421.217132813,2.203877401601e-09
1421217718.750,1421.217718750,2.205309577211e-09
1421218304.688,1421.218304687,2.283279911803e-09
1421218890.625,1421.218890625,2.227421224170e-09
1421219476.562,1421.219476562,2.388767023967e-09
1421220062.500,1421.220062500,2.393099735870e-09
1421220648.438,1421.220648437,2.254162688072e-09
1421221234.375,1421.221234375,2.353766711901e-09
1421221820.312,1421.221820313,2.407238407577e-09
1421222406.250,1421.222406250,2.446291171575e-09
1421222992.188,1421.222992188,2.358277320345e-09
1421223578.125,1421.223578125,2.452775160340e-09
1421224164.062,1421.224164062,2.392290344763e-09
1421224750.000,1421.224750000,2.358979083388e-09
1421225335.938,1421.225335937,2.395282429713e-09
1421225921.875,1421.225921875,2.434797279165e-09
1421226507.812,1421.226507812,2.490963877289e-09
1421227093.750,1421.227093750,2.378962342101e-09
1421227679.688,1421.227679688,2.219597202935e-09
1421228265.625,1421.228265625,2.294139757543e-09
1421228851.562,1421.228851563,2.270660819527e-09
1421229437.500,1421.229437500,2.250831262596e-09
1421230023.438,1421.230023437,2.207240501084e-09
1421230609.375,1421.230609375,2.059100839999e-09
1421231195.312,1421.231195312,1.963712978502e-09
1421231781.250,1421.231781250,2.090066384777e-09
1421232367.188,1421.232367187,2.213603035718e-09
1421232953.125,1421.232953125,2.029646806834e-09
1421233539.062,1421.233539063,2.002621385098e-09
1421234125.000,1421.234125000,2.088578034239e-09
1421234710.938,1421.234710938,2.207355162910e-09
1421235296.875,1421.235296875,2.176086709780e-09
1421235882.812,1421.235882812,2.365815879660e-09
1421236468.750,1421.236468750,2.415699195324e-09
1421237054.688,1421.237054687,2.324579589792e-09
1421237640.625,1421.237640625,2.319720082106e-09
1421238226.562,1421.238226562,2.309328809855e-09
1421238812.500,1421.238812500,2.397827038736e-09
1421239398.438,1421.239398438,2.301649089188e-09
1421239984.375,1421.239984375,2.252223426523e-09
1421240570.312,1421.240570313,2.353135318441e-09
1421241156.250,1421.241156250,2.406179202707e-09
1421241742.188,1421.241742187,2.340438261960e-09
1421242328.125,1421.242328125,2.168696273209e-09
1421242914.062,1421.242914062,2.190194384486e-09
1421243500.000,1421.243500000,2.260800911529e-09
1421244085.938,1421.244085937,2.260383414643e-09
1421244671.875,1421.244671875,2.283387258922e-09
1421245257.812,1421.245257813,2.226943013570e-09
1421245843.750,1421.245843750,2.218188172422e-09
1421246429.688,1421.246429688,2.076695544913e-09
1421247015.625,1421.247015625,2.044579110909e-09
1421247601.562,1421.247601562,2.058449764190e-09
1421248187.500,1421.248187500,2.116162621727e-09
1421248773.438,1421.248773437,2.081153961496e-09
1421249359.375,1421.249359375,2.220086889507e-09
1421249945.312,1421.249945312,2.387788613419e-09
1421250531.250,1421.250531250,2.217081609536e-09
1421251117.188,1421.251117188,2.264973403135e-09
1421251703.125,1421.251703125,2.341593288518e-09
1421252289.062,1421.252289063,2.365788699865e-09
1421252875.000,1421.252875000,2.355293792265e-09
1421253460.938,1421.253460937,2.361450523778e-09
1421254046.875,1421.254046875,2.410752096603e-09
1421254632.812,1421.254632812,2.407445382362e-09
1421255218.750,1421.255218750,2.336699153063e-09
1421255804.688,1421.255804687,2.307875995542e-09
1421256390.625,1421.256390625,2.256330458001e-09
1421256976.562,1421.256976563,2.348676606479e-09
1421257562.500,1421.257562500,2.313712024396e-09
1421258148.438,1421.258148438,2.243756256653e-09
1421258734.375,1421.258734375,2.188323605421e-09
1421259320.312,1421.259320312,2.326125564025e-09
1421259906.250,1421.259906250,2.178580619580e-09
1421260492.188,1421.260492187,2.117264599812e-09
1421261078.125,1421.261078125,2.081822523706e-09
1421261664.062,1421.261664062,2.073872226559e-09
1421262250.000,1421.262250000,2.103762942245e-09
1421262835.938,1421.262835938,2.168067521940e-09
1421263421.875,1421.263421875,2.255261890140e-09
1421264007.812,1421.264007813,2.101435635284e-09
1421264593.750,1421.264593750,2.126573261164e-09
1421265179.688,1421.265179687,2.179334717068e-09
1421265765.625,1421.265765625,2.285325457297e-09
1421266351.562,1421.266351562,2.447635000970e-09
1421266937.500,1421.266937500,2.397775279622e-09
1421267523.438,1421.267523437,2.488833439649e-09
1421268109.375,1421.268109375,2.455394653050e-09
1421268695.312,1421.268695313,2.518003745209e-09
1421269281.250,1421.269281250,2.728956464016e-09
1421269867.188,1421.269867188,2.582145794095e-09
1421270453.125,1421.270453125,2.507636245247e-09
1421271039.062,1421.271039062,2.379259530368e-09
1421271625.000,1421.271625000,2.382545663929e-09
1421272210.938,1421.272210937,2.209653647873e-09
1421272796.875,1421.272796875,2.280089597588e-09
1421273382.812,1421.273382812,2.417166299893e-09
1421273968.750,1421.273968750,2.196810745146e-09
1421274554.688,1421.274554688,2.175297575163e-09
1421275140.625,1421.275140625,2.200574425969e-09
1421275726.562,1421.275726563,2.129108394867e-09
1421276312.500,1421.276312500,2.206790200585e-09
1421276898.438,1421.276898437,2.156825356322e-09
1421277484.375,1421.277484375,2.125700068112e-09
1421278070.312,1421.278070312,2.165525710206e-09
1421278656.250,1421.278656250,2.255731942937e-09
1421279242.188,1421.279242187,2.206338691992e-09
1421279828.125,1421.279828125,2.246736372769e-09
1421280414.062,1421.280414063,2.343816534316e-09
1421281000.000,1421.281000000,2.346705533871e-09
1421281585.938,1421.281585938,2.361513032581e-09
1421282171.875,1421.282171875,2.431893731568e-09
1421282757.812,1421.282757812,2.453043508493e-09
1421283343.750,1421.283343750,2.625453148720e-09
1421283929.688,1421.283929687,2.525967024576e-09
1421284515.625,1421.284515625,2.526827835123e-09
1421285101.562,1421.285101562,2.546265426751e-09
1421285687.500,1421.285687500,2.409254469357e-09
1421286273.438,1421.286273438,2.323891527352e-09
1421286859.375,1421.286859375,2.327738569650e-09
1421287445.312,1421.287445313,2.396796865882e-09
1421288031.250,1421.288031250,2.298080884583e-09
1421288617.188,1421.288617187,2.369100640134e-09
1421289203.125,1421.289203125,2.226813112031e-09
1421289789.062,1421.289789062,2.075265394010e-09
1421290375.000,1421.290375000,2.126105057581e-09
1421290960.938,1421.290960937,2.157209283931e-09
1421291546.875,1421.291546875,2.178214144213e-09
1421292132.812,1421.292132813,2.073187224970e-09
1421292718.750,1421.292718750,2.032168988809e-09
1421293304.688,1421.293304688,2.090014553154e-09
1421293890.625,1421.293890625,2.278668071163e-09
1421294476.562,1421.294476562,2.187285938840e-09
1421295062.500,1421.295062500,2.220593502158e-09
1421295648.438,1421.295648437,2.322031351389e-09
1421296234.375,1421.296234375,2.352160526403e-09
1421296820.312,1421.296820312,2.335191165325e-09
1421297406.250,1421.297406250,2.355720868080e-09
1421297992.188,1421.297992188,2.361996189655e-09
1421298578.125,1421.298578125,2.367142949582e-09
1421299164.062,1421.299164063,2.436442875398e-09
1421299750.000,1421.299750000,2.519304933630e-09
1421300335.938,1421.300335937,2.436850458405e-09
1421300921.875,1421.300921875,2.337981335025e-09
1421301507.812,1421.301507812,2.366219570492e-09
1421302093.750,1421.302093750,2.256454912783e-09
1421302679.688,1421.302679687,2.261147385154e-09
1421303265.625,1421.303265625,2.238431731495e-09
1421303851.562,1421.303851563,2.322100027898e-09
1421304437.500,1421.304437500,2.322016613894e-09
1421305023.438,1421.305023438,2.285206433492e-09
1421305609.375,1421.305609375,2.210758462321e-09
1421306195.312,1421.306195312,2.230009080073e-09
1421306781.250,1421.306781250,2.344441343682e-09
1421307367.188,1421.307367187,2.317174060195e-09
1421307953.125,1421.307953125,2.228583100473e-09
1421308539.062,1421.308539062,2.278947607107e-09
1421309125.000,1421.309125000,2.231438303845e-09
1421309710.938,1421.309710938,2.363631471954e-09
1421310296.875,1421.310296875,2.408545494129e-09
1421310882.812,1421.310882813,2.437913481602e-09
1421311468.750,1421.311468750,2.638248888550e-09
1421312054.688,1421.312054687,2.518979742564e-09
1421312640.625,1421.312640625,2.492957552963e-09
1421313226.562,1421.313226562,2.398481766097e-09
1421313812.500,1421.313812500,2.464120301219e-09
1421314398.438,1421.314398437,2.376366413217e-09
1421314984.375,1421.314984375,2.379223021178e-09
1421315570.312,1421.315570313,2.504885682503e-09
1421316156.250,1421.316156250,2.486054612956e-09
1421316742.188,1421.316742188,2.327629404467e-09
1421317328.125,1421.317328125,2.258890791527e-09
1421317914.062,1421.317914062,2.186069620547e-09
1421318500.000,1421.318500000,2.186442552730e-09
1421319085.938,1421.319085937,2.174130487829e-09
1421319671.875,1421.319671875,2.083903426462e-09
1421320257.812,1421.320257812,2.117145584727e-09
1421320843.750,1421.320843750,2.102320795789e-09
1421321429.688,1421.321429688,2.043576297862e-09
1421322015.625,1421.322015625,2.053453846603e-09
1421322601.562,1421.322601563,2.108801286394e-09
1421323187.500,1421.323187500,2.124500527421e-09
1421323773.438,1421.323773437,2.125732548884e-09
1421324359.375,1421.324359375,2.077470656791e-09
1421324945.312,1421.324945312,2.063956186178e-09
1421325531.250,1421.325531250,2.113280742838e-09
1421326117.188,1421.326117187,2.071931903671e-09
1421326703.125,1421.326703125,2.145878553634e-09
1421327289.062,1421.327289063,2.363896345981e-09
1421327875.000,1421.327875000,2.512082152395e-09
1421328460.938,1421.328460938,2.410679516408e-09
1421329046.875,1421.329046875,2.219474476900e-09
1421329632.812,1421.329632812,2.268084689586e-09
1421330218.750,1421.330218750,2.375158884812e-09
1421330804.688,1421.330804687,2.266368652752e-09
1421331390.625,1421.331390625,2.301888636495e-09
1421331976.562,1421.331976562,2.348730589369e-09
1421332562.500,1421.332562500,2.271830396163e-09
1421333148.438,1421.333148438,2.080265360439e-09
1421333734.375,1421.333734375,2.096078413106e-09
1421334320.312,1421.334320313,2.023276980069e-09
1421334906.250,1421.334906250,2.045010291270e-09
1421335492.188,1421.335492187,2.056175298987e-09
1421336078.125,1421.336078125,2.002433030726e-09
1421336664.062,1421.336664062,2.033602483817e-09
1421337250.000,1421.337250000,2.053567249259e-09
1421337835.938,1421.337835937,2.051138337230e-09
1421338421.875,1421.338421875,2.141711865082e-09
1421339007.812,1421.339007813,2.220659938527e-09
1421339593.750,1421.339593750,2.257412991858e-09
1421340179.688,1421.340179688,2.276299948276e-09
1421340765.625,1421.340765625,2.198211858191e-09
1421341351.562,1421.341351562,2.202877707303e-09
1421341937.500,1421.341937500,2.270200578027e-09
1421342523.438,1421.342523437,2.259527528124e-09
1421343109.375,1421.343109375,2.228459361339e-09
1421343695.312,1421.343695312,2.297844155466e-09
1421344281.250,1421.344281250,2.435436798136e-09
1421344867.188,1421.344867188,2.454551034058e-09
1421345453.125,1421.345453125,2.340009653922e-09
1421346039.062,1421.346039063,2.289332294271e-09
1421346625.000,1421.346625000,2.223203598109e-09
1421347210.938,1421.347210937,2.189123425801e-09
1421347796.875,1421.347796875,2.260830357845e-09
1421348382.812,1421.348382812,2.175374628029e-09
1421348968.750,1421.348968750,2.156077411929e-09
1421349554.688,1421.349554687,2.151438529448e-09
1421350140.625,1421.350140625,2.120215608422e-09
1421350726.562,1421.350726563,2.046213203221e-09
1421351312.500,1421.351312500,1.981721999860e-09
1421351898.438,1421.351898438,2.186243412781e-09
1421352484.375,1421.352484375,2.187332155254e-09
1421353070.312,1421.353070312,2.087570776513e-09
1421353656.250,1421.353656250,2.117442617498e-09
1421354242.188,1421.354242187,2.344361411135e-09
1421354828.125,1421.354828125,2.350520078167e-09
1421355414.062,1421.355414062,2.496009884174e-09
1421356000.000,1421.356000000,2.536487121865e-09
1421356585.938,1421.356585938,2.465569986026e-09
1421357171.875,1421.357171875,2.471012159241e-09
1421357757.812,1421.357757813,2.341374874080e-09
1421358343.750,1421.358343750,2.439456093401e-09
1421358929.688,1421.358929687,2.556403718716e-09
1421359515.625,1421.359515625,2.549633959270e-09
1421360101.562,1421.360101562,2.440163228368e-09
1421360687.500,1421.360687500,2.588994383208e-09
1421361273.438,1421.361273437,2.486187497398e-09
1421361859.375,1421.361859375,2.356215687823e-09
1421362445.312,1421.362445313,2.193153381657e-09
1421363031.250,1421.363031250,2.135757689229e-09
1421363617.188,1421.363617188,2.234212748636e-09
1421364203.125,1421.364203125,2.162631105935e-09
1421364789.062,1421.364789062,2.067051452524e-09
1421365375.000,1421.365375000,2.143929415921e-09
1421365960.938,1421.365960937,2.157459667186e-09
1421366546.875,1421.366546875,2.125674844531e-09
1421367132.812,1421.367132812,2.065906418188e-09
1421367718.750,1421.367718750,2.101416247251e-09
1421368304.688,1421.368304688,2.141205156783e-09
1421368890.625,1421.368890625,2.033423304742e-09
1421369476.562,1421.369476563,2.143572750738e-09
1421370062.500,1421.370062500,2.041457579119e-09
1421370648.438,1421.370648437,2.092115262197e-09
1421371234.375,1421.371234375,2.225116627417e-09
1421371820.312,1421.371820312,2.198942711879e-09
1421372406.250,1421.372406250,2.227559153207e-09
1421372992.188,1421.372992187,2.337025198130e-09
1421373578.125,1421.373578125,2.566036325611e-09
1421374164.062,1421.374164063,2.318791445891e-09
1421374750.000,1421.374750000,2.204788033173e-09
1421375335.938,1421.375335938,2.243083105573e-09
1421375921.875,1421.375921875,2.159136411309e-09
1421376507.812,1421.376507812,2.158204055235e-09
1421377093.750,1421.377093750,2.270110997776e-09
1421377679.688,1421.377679687,2.226073028112e-09
1421378265.625,1421.378265625,2.039360547954e-09
1421378851.562,1421.378851562,2.106608715264e-09
1421379437.500,1421.379437500,2.199340598230e-09
1421380023.438,1421.380023438,2.139969613432e-09
1421380609.375,1421.380609375,1.995160817591e-09
1421381195.312,1421.381195313,2.075387669404e-09
1421381781.250,1421.381781250,2.139287407829e-09
1421382367.188,1421.382367187,2.080299705734e-09
1421382953.125,1421.382953125,2.083917547922e-09
1421383539.062,1421.383539062,2.216642076024e-09
1421384125.000,1421.384125000,2.224528780298e-09
1421384710.938,1421.384710937,2.123791488076e-09
1421385296.875,1421.385296875,2.285715210567e-09
1421385882.812,1421.385882813,2.250029483999e-09
1421386468.750,1421.386468750,2.223117015298e-09
1421387054.688,1421.387054688,2.448533347964e-09
1421387640.625,1421.387640625,2.494448468508e-09
1421388226.562,1421.388226562,2.343585521147e-09
1421388812.500,1421.388812500,2.400543535377e-09
1421389398.438,1421.389398437,2.572016074733e-09
1421389984.375,1421.389984375,2.509101012843e-09
1421390570.312,1421.390570312,2.371449123800e-09
1421391156.250,1421.391156250,2.404380450230e-09
1421391742.188,1421.391742188,2.463016704292e-09
1421392328.125,1421.392328125,2.362846647124e-09
1421392914.062,1421.392914063,2.207732542401e-09
1421393500.000,1421.393500000,2.141948224650e-09
1421394085.938,1421.394085937,1.988185521821e-09
1421394671.875,1421.394671875,2.069222972837e-09
1421395257.812,1421.395257812,2.177562210302e-09
1421395843.750,1421.395843750,2.141200652567e-09
1421396429.688,1421.396429687,1.999754640192e-09
1421397015.625,1421.397015625,2.017174496238e-09
1421397601.562,1421.397601563,2.105308582567e-09
1421398187.500,1421.398187500,2.206998564528e-09
1421398773.438,1421.398773438,2.148930553583e-09
1421399359.375,1421.399359375,2.152584602029e-09
1421399945.312,1421.399945312,2.254219729888e-09
1421400531.250,1421.400531250,2.114154834798e-09
1421401117.188,1421.401117187,2.160308612893e-09
1421401703.125,1421.401703125,2.319622504261e-09
1421402289.062,1421.402289062,2.218737027839e-09
1421402875.000,1421.402875000,2.270700425076e-09
1421403460.938,1421.403460938,2.282481581834e-09
1421404046.875,1421.404046875,2.344617155430e-09
1421404632.812,1421.404632813,2.328581415837e-09
1421405218.750,1421.405218750,2.475890642029e-09
1421405804.688,1421.405804687,2.347205686861e-09
1421406390.625,1421.406390625,2.081603538903e-09
1421406976.562,1421.406976562,2.166764218636e-09
1421407562.500,1421.407562500,2.197219468377e-09
1421408148.438,1421.408148437,2.153534272279e-09
1421408734.375,1421.408734375,2.043960297870e-09
1421409320.312,1421.409320313,2.194432059712e-09
1421409906.250,1421.409906250,2.208432285097e-09
1421410492.188,1421.410492188,1.955996159196e-09
1421411078.125,1421.411078125,1.929681731659e-09
1421411664.062,1421.411664062,2.037620466111e-09
1421412250.000,1421.412250000,1.966425729565e-09
1421412835.938,1421.412835937,1.872518553120e-09
1421413421.875,1421.413421875,2.049444073919e-09
1421414007.812,1421.414007812,2.002880441293e-09
1421414593.750,1421.414593750,1.990161820164e-09
1421415179.688,1421.415179688,2.122575320667e-09
1421415765.625,1421.415765625,2.116148706119e-09
1421416351.562,1421.416351563,2.114110194121e-09
1421416937.500,1421.416937500,2.121211958535e-09
1421417523.438,1421.417523437,2.167806781582e-09
1421418109.375,1421.418109375,2.094750654346e-09
1421418695.312,1421.418695312,2.292258267131e-09
1421419281.250,1421.419281250,2.287797321557e-09
1421419867.188,1421.419867187,2.224031343712e-09
1421420453.125,1421.420453125,2.117821936832e-09
1421421039.062,1421.421039063,2.065565125325e-09
1421421625.000,1421.421625000,2.026337006390e-09
1421422210.938,1421.422210938,2.006732689508e-09
1421422796.875,1421.422796875,2.042838067037e-09
1421423382.812,1421.423382812,2.026201822439e-09
1421423968.750,1421.423968750,1.944655696915e-09
1421424554.688,1421.424554687,1.919330039094e-09
1421425140.625,1421.425140625,2.024166556623e-09
1421425726.562,1421.425726562,1.964194439815e-09
1421426312.500,1421.426312500,1.896643841776e-09
1421426898.438,1421.426898438,2.015722474858e-09
1421427484.375,1421.427484375,2.059032489894e-09
1421428070.312,1421.428070313,1.993565583801e-09
1421428656.250,1421.428656250,2.076176923409e-09
1421429242.188,1421.429242187,2.158758402804e-09
1421429828.125,1421.429828125,2.076913906367e-09
1421430414.062,1421.430414062,2.018391678124e-09
1421431000.000,1421.431000000,1.995204336745e-09
1421431585.938,1421.431585937,2.017497630534e-09
1421432171.875,1421.432171875,2.090847327097e-09
1421432757.812,1421.432757813,2.259256343318e-09
1421433343.750,1421.433343750,2.303714997001e-09
1421433929.688,1421.433929688,2.282777250436e-09
1421434515.625,1421.434515625,2.206188147972e-09
1421435101.562,1421.435101562,2.270760873951e-09
1421435687.500,1421.435687500,2.153195231587e-09
1421436273.438,1421.436273437,2.020761505959e-09
1421436859.375,1421.436859375,2.078808764118e-09
1421437445.312,1421.437445312,2.122859504705e-09
1421438031.250,1421.438031250,1.987508228761e-09
1421438617.188,1421.438617188,2.008233923323e-09
1421439203.125,1421.439203125,2.010305184317e-09
1421439789.062,1421.439789063,1.937416948977e-09
1421440375.000,1421.440375000,1.873394740514e-09
1421440960.938,1421.440960937,1.876823976801e-09
1421441546.875,1421.441546875,1.879334705992e-09
1421442132.812,1421.442132812,1.869527786826e-09
1421442718.750,1421.442718750,1.951655291664e-09
1421443304.688,1421.443304687,2.031949978877e-09
1421443890.625,1421.443890625,1.903118407827e-09
1421444476.562,1421.444476563,1.762354464574e-09
1421445062.500,1421.445062500,1.959980532267e-09
1421445648.438,1421.445648438,2.230892310088e-09
1421446234.375,1421.446234375,2.108952327061e-09
1421446820.312,1421.446820312,2.061650885399e-09
1421447406.250,1421.447406250,2.142685710807e-09
1421447992.188,1421.447992187,2.224372203437e-09
1421448578.125,1421.448578125,2.234172756889e-09
1421449164.062,1421.449164062,2.290917415729e-09
1421449750.000,1421.449750000,2.333209856873e-09
1421450335.938,1421.450335938,2.213196243249e-09
1421450921.875,1421.450921875,2.172819929281e-09
1421451507.812,1421.451507813,2.288401206364e-09
1421452093.750,1421.452093750,2.295463271623e-09
1421452679.688,1421.452679687,2.157284223657e-09
1421453265.625,1421.453265625,2.132902949473e-09
1421453851.562,1421.453851562,2.151775465009e-09
1421454437.500,1421.454437500,2.100906728898e-09
1421455023.438,1421.455023437,2.118076924587e-09
1421455609.375,1421.455609375,2.085048140948e-09
1421456195.312,1421.456195313,2.006622212127e-09
1421456781.250,1421.456781250,1.993446120482e-09
1421457367.188,1421.457367188,1.953974581994e-09
1421457953.125,1421.457953125,2.032906208913e-09
1421458539.062,1421.458539062,1.985602950804e-09
1421459125.000,1421.459125000,1.968797478785e-09
1421459710.938,1421.459710937,2.088242255736e-09
1421460296.875,1421.460296875,2.116799845933e-09
1421460882.812,1421.460882812,2.241079557382e-09
1421461468.750,1421.461468750,2.274934744860e-09
1421462054.688,1421.462054688,2.226296427008e-09
1421462640.625,1421.462640625,2.121111653408e-09
1421463226.562,1421.463226563,2.151434336872e-09
1421463812.500,1421.463812500,2.144212882276e-09
1421464398.438,1421.464398437,2.148873960571e-09
1421464984.375,1421.464984375,2.296290985999e-09
1421465570.312,1421.465570312,2.184018759506e-09
1421466156.250,1421.466156250,2.127744235748e-09
1421466742.188,1421.466742187,2.128976184566e-09
1421467328.125,1421.467328125,2.055397077461e-09
1421467914.062,1421.467914063,2.018285341080e-09
1421468500.000,1421.468500000,1.944334758581e-09
1421469085.938,1421.469085938,1.964862666810e-09
1421469671.875,1421.469671875,1.987433346030e-09
1421470257.812,1421.470257812,1.958683838282e-09
1421470843.750,1421.470843750,2.095280760194e-09
1421471429.688,1421.471429687,2.057276338612e-09
1421472015.625,1421.472015625,1.998301702619e-09
1421472601.562,1421.472601562,2.007489651607e-09
1421473187.500,1421.473187500,2.067745632786e-09
1421473773.438,1421.473773438,2.070337254445e-09
1421474359.375,1421.474359375,2.160552651724e-09
1421474945.312,1421.474945313,2.211398722737e-09
1421475531.250,1421.475531250,2.227309933664e-09
1421476117.188,1421.476117187,2.252368650670e-09
1421476703.125,1421.476703125,2.317220924376e-09
1421477289.062,1421.477289062,2.271704260525e-09
1421477875.000,1421.477875000,2.227778022918e-09
1421478460.938,1421.478460937,2.327689647840e-09
1421479046.875,1421.479046875,2.353881294910e-09
1421479632.812,1421.479632813,2.310041591727e-09
1421480218.750,1421.480218750,2.308206498743e-09
1421480804.688,1421.480804688,2.274489661635e-09
1421481390.625,1421.481390625,2.179703039947e-09
1421481976.562,1421.481976562,2.200116862247e-09
1421482562.500,1421.482562500,2.178950771447e-09
1421483148.438,1421.483148437,2.126814186248e-09
1421483734.375,1421.483734375,2.038061100414e-09
1421484320.312,1421.484320312,2.035096453390e-09
1421484906.250,1421.484906250,1.991443717705e-09
1421485492.188,1421.485492188,1.970887812329e-09
1421486078.125,1421.486078125,1.963190643563e-09
1421486664.062,1421.486664063,1.918852791149e-09
1421487250.000,1421.487250000,2.081309192047e-09
1421487835.938,1421.487835937,2.023676237635e-09
1421488421.875,1421.488421875,1.892674885821e-09
1421489007.812,1421.489007812,1.942688816876e-09
1421489593.750,1421.489593750,2.084553855413e-09
1421490179.688,1421.490179687,2.133173626599e-09
1421490765.625,1421.490765625,2.014097703099e-09
1421491351.562,1421.491351563,2.171346132116e-09
1421491937.500,1421.491937500,2.047024228588e-09
1421492523.438,1421.492523438,2.037678498586e-09
1421493109.375,1421.493109375,2.144274859543e-09
1421493695.312,1421.493695312,2.201616233321e-09
1421494281.250,1421.494281250,2.161765408776e-09
1421494867.188,1421.494867187,2.121078346798e-09
1421495453.125,1421.495453125,2.173303449859e-09
1421496039.062,1421.496039062,2.045931311724e-09
1421496625.000,1421.496625000,2.058638070637e-09
1421497210.938,1421.497210938,2.037316350212e-09
1421497796.875,1421.497796875,2.005289986034e-09
1421498382.812,1421.498382813,1.996388093663e-09
1421498968.750,1421.498968750,2.179477957830e-09
1421499554.688,1421.499554687,2.072070637844e-09
1421500140.625,1421.500140625,1.898872800779e-09
1421500726.562,1421.500726562,1.931944895460e-09
1421501312.500,1421.501312500,1.983652753339e-09
1421501898.438,1421.501898437,1.804731277540e-09
1421502484.375,1421.502484375,1.806425445347e-09
1421503070.312,1421.503070313,1.851247928861e-09
1421503656.250,1421.503656250,1.932494289663e-09
1421504242.188,1421.504242188,1.996710579645e-09
1421504828.125,1421.504828125,2.068977558011e-09
1421505414.062,1421.505414062,2.190235711653e-09
1421506000.000,1421.506000000,2.070665439748e-09
1421506585.938,1421.506585937,2.036546889220e-09
1421507171.875,1421.507171875,2.179589441842e-09
1421507757.812,1421.507757812,2.262577115328e-09
1421508343.750,1421.508343750,2.256902060555e-09
1421508929.688,1421.508929688,2.240451811027e-09
1421509515.625,1421.509515625,2.227634930709e-09
1421510101.562,1421.510101563,2.187613092444e-09
1421510687.500,1421.510687500,2.023150097491e-09
1421511273.438,1421.511273437,1.984910776657e-09
1421511859.375,1421.511859375,1.921624247483e-09
1421512445.312,1421.512445312,1.894217991736e-09
1421513031.250,1421.513031250,1.938461220797e-09
1421513617.188,1421.513617187,2.026579076334e-09
1421514203.125,1421.514203125,1.996164935984e-09
1421514789.062,1421.514789063,1.788182515134e-09
1421515375.000,1421.515375000,1.787760158075e-09
1421515960.938,1421.515960938,1.855882136037e-09
1421516546.875,1421.516546875,1.887557636794e-09
1421517132.812,1421.517132812,1.841790614628e-09
1421517718.750,1421.517718750,1.884300034950e-09
1421518304.688,1421.518304687,1.954408601136e-09
1421518890.625,1421.518890625,1.848994871079e-09
1421519476.562,1421.519476562,1.854677268140e-09
1421520062.500,1421.520062500,2.001543588998e-09
1421520648.438,1421.520648438,2.065491552061e-09
1421521234.375,1421.521234375,2.021996734178e-09
1421521820.312,1421.521820313,2.028865897189e-09
1421522406.250,1421.522406250,2.052508632679e-09
1421522992.188,1421.522992187,2.072689226394e-09
1421523578.125,1421.523578125,2.109946570311e-09
1421524164.062,1421.524164062,2.092024598411e-09
1421524750.000,1421.524750000,2.175078268450e-09
1421525335.938,1421.525335937,2.256732696991e-09
1421525921.875,1421.525921875,2.142474901091e-09
1421526507.812,1421.526507813,2.135895878978e-09
1421527093.750,1421.527093750,2.100033383989e-09
1421527679.688,1421.527679688,2.046131783666e-09
1421528265.625,1421.528265625,1.994746049597e-09
1421528851.562,1421.528851562,1.962044955287e-09
1421529437.500,1421.529437500,1.914845587697e-09
1421530023.438,1421.530023437,1.931054778546e-09
1421530609.375,1421.530609375,1.948200615369e-09
1421531195.312,1421.531195312,1.888032751917e-09
1421531781.250,1421.531781250,1.936881680061e-09
1421532367.188,1421.532367188,1.942313406599e-09
1421532953.125,1421.532953125,1.989371767510e-09
1421533539.062,1421.533539063,1.962747127275e-09
1421534125.000,1421.534125000,1.953187362128e-09
1421534710.938,1421.534710937,2.045151256390e-09
1421535296.875,1421.535296875,2.039598659000e-09
1421535882.812,1421.535882812,1.989513378981e-09
1421536468.750,1421.536468750,1.996440598850e-09
1421537054.688,1421.537054687,2.158512449818e-09
1421537640.625,1421.537640625,2.202100621663e-09
1421538226.562,1421.538226563,2.054991727519e-09
1421538812.500,1421.538812500,2.077956694795e-09
1421539398.438,1421.539398438,2.223876154116e-09
1421539984.375,1421.539984375,2.132167535699e-09
1421540570.312,1421.540570312,2.138895445170e-09
1421541156.250,1421.541156250,2.233289478152e-09
1421541742.188,1421.541742187,2.097998782453e-09
1421542328.125,1421.542328125,1.918988550825e-09
1421542914.062,1421.542914062,1.920167615488e-09
1421543500.000,1421.543500000,1.882544496220e-09
1421544085.938,1421.544085938,1.849210615868e-09
1421544671.875,1421.544671875,1.967728639357e-09
1421545257.812,1421.545257813,1.999766672556e-09
1421545843.750,1421.545843750,1.932629270116e-09
1421546429.688,1421.546429687,1.889513911335e-09
1421547015.625,1421.547015625,1.898118441859e-09
1421547601.562,1421.547601562,2.049953640687e-09
1421548187.500,1421.548187500,1.947581427407e-09
1421548773.438,1421.548773437,1.921516303606e-09
1421549359.375,1421.549359375,1.935988754551e-09
1421549945.312,1421.549945313,2.003781631184e-09
1421550531.250,1421.550531250,2.094454407281e-09
1421551117.188,1421.551117188,2.170398927152e-09
1421551703.125,1421.551703125,2.315787548015e-09
1421552289.062,1421.552289062,2.166533036145e-09
1421552875.000,1421.552875000,2.185082598302e-09
1421553460.938,1421.553460937,2.162803397394e-09
1421554046.875,1421.554046875,2.098684812824e-09
1421554632.812,1421.554632812,2.128524492964e-09
1421555218.750,1421.555218750,2.315291252947e-09
1421555804.688,1421.555804688,2.151233596034e-09
1421556390.625,1421.556390625,2.028320280577e-09
1421556976.562,1421.556976563,2.162953525035e-09
1421557562.500,1421.557562500,2.133657355726e-09
1421558148.438,1421.558148437,2.078735367187e-09
1421558734.375,1421.558734375,1.969229916430e-09
1421559320.312,1421.559320312,1.916899287210e-09
1421559906.250,1421.559906250,1.782594910277e-09
1421560492.188,1421.560492187,1.844192560004e-09
1421561078.125,1421.561078125,1.968837351039e-09
1421561664.062,1421.561664063,1.971199905715e-09
1421562250.000,1421.562250000,1.986750996858e-09
1421562835.938,1421.562835938,1.890578297755e-09
1421563421.875,1421.563421875,1.989440912390e-09
1421564007.812,1421.564007812,1.961635305274e-09
1421564593.750,1421.564593750,2.023439188726e-09
1421565179.688,1421.565179687,2.063113445334e-09
1421565765.625,1421.565765625,2.056476685238e-09
1421566351.562,1421.566351562,2.161201738240e-09
1421566937.500,1421.566937500,2.274445537494e-09
1421567523.438,1421.567523438,2.180283513873e-09
1421568109.375,1421.568109375,2.168993049757e-09
1421568695.312,1421.568695313,2.223611958935e-09
1421569281.250,1421.569281250,2.209037565946e-09
1421569867.188,1421.569867187,2.130546610697e-09
1421570453.125,1421.570453125,2.156585604663e-09
1421571039.062,1421.571039062,2.111154602105e-09
1421571625.000,1421.571625000,2.069332547409e-09
1421572210.938,1421.572210937,1.991531605250e-09
1421572796.875,1421.572796875,1.966941830517e-09
1421573382.812,1421.573382813,1.968228902250e-09
1421573968.750,1421.573968750,1.976587897335e-09
1421574554.688,1421.574554688,1.935011119506e-09
1421575140.625,1421.575140625,1.826869459195e-09
1421575726.562,1421.575726562,2.007315419568e-09
1421576312.500,1421.576312500,1.989164543232e-09
1421576898.438,1421.576898437,1.885414529867e-09
1421577484.375,1421.577484375,1.848550068470e-09
1421578070.312,1421.578070312,1.945321114354e-09
1421578656.250,1421.578656250,1.949631144594e-09
1421579242.188,1421.579242188,1.964910725491e-09
1421579828.125,1421.579828125,2.071921732530e-09
1421580414.062,1421.580414063,2.146092273827e-09
1421581000.000,1421.581000000,2.138006469335e-09
1421581585.938,1421.581585937,2.031179390510e-09
1421582171.875,1421.582171875,2.076918573330e-09
1421582757.812,1421.582757812,2.090591194160e-09
1421583343.750,1421.583343750,2.247247083069e-09
1421583929.688,1421.583929687,2.318254279665e-09
1421584515.625,1421.584515625,2.289529788301e-09
1421585101.562,1421.585101563,2.208267869757e-09
1421585687.500,1421.585687500,2.107486077973e-09
1421586273.438,1421.586273438,1.979339686699e-09
1421586859.375,1421.586859375,2.004312372838e-09
1421587445.312,1421.587445312,2.091416761184e-09
1421588031.250,1421.588031250,2.008374606958e-09
1421588617.188,1421.588617187,1.918872593707e-09
1421589203.125,1421.589203125,1.838195089160e-09
1421589789.062,1421.589789062,1.846461575133e-09
1421590375.000,1421.590375000,1.812391046375e-09
1421590960.938,1421.590960938,1.732772695124e-09
1421591546.875,1421.591546875,1.742102545009e-09
1421592132.812,1421.592132813,1.779166817463e-09
1421592718.750,1421.592718750,1.802090285370e-09
1421593304.688,1421.593304687,1.887523418976e-09
1421593890.625,1421.593890625,1.942733592098e-09
1421594476.562,1421.594476562,2.034420115260e-09
1421595062.500,1421.595062500,2.100620978825e-09
1421595648.438,1421.595648437,2.069277461865e-09
1421596234.375,1421.596234375,2.109918998165e-09
1421596820.312,1421.596820313,2.227066018172e-09
1421597406.250,1421.597406250,2.139961437175e-09
1421597992.188,1421.597992188,2.102686884485e-09
1421598578.125,1421.598578125,2.191283179172e-09
1421599164.062,1421.599164062,2.247334894866e-09
1421599750.000,1421.599750000,2.120708069469e-09
1421600335.938,1421.600335937,2.129485426197e-09
1421600921.875,1421.600921875,2.136202943278e-09
1421601507.812,1421.601507812,2.239443990334e-09
1421602093.750,1421.602093750,2.122879747133e-09
1421602679.688,1421.602679688,2.005221604776e-09
1421603265.625,1421.603265625,2.143839206092e-09
1421603851.562,1421.603851563,2.060181769457e-09
1421604437.500,1421.604437500,1.918507603499e-09
1421605023.438,1421.605023437,1.966163190512e-09
1421605609.375,1421.605609375,1.975160608144e-09
1421606195.312,1421.606195312,1.877672420191e-09
1421606781.250,1421.606781250,1.835183664621e-09
1421607367.188,1421.607367187,1.784780308101e-09
1421607953.125,1421.607953125,1.819529638176e-09
1421608539.062,1421.608539063,1.818141652043e-09
1421609125.000,1421.609125000,1.825747408157e-09
1421609710.938,1421.609710938,1.857895039811e-09
1421610296.875,1421.610296875,1.852908021012e-09
1421610882.812,1421.610882812,1.955075667576e-09
1421611468.750,1421.611468750,2.053210956049e-09
1421612054.688,1421.612054687,2.071002139735e-09
1421612640.625,1421.612640625,2.099542382221e-09
1421613226.562,1421.613226562,2.157643166773e-09
1421613812.500,1421.613812500,2.211300539228e-09
1421614398.438,1421.614398438,2.093477645817e-09
1421614984.375,1421.614984375,2.042032128498e-09
1421615570.312,1421.615570313,2.053163217075e-09
1421616156.250,1421.616156250,1.970174311220e-09
1421616742.188,1421.616742187,1.958755059984e-09
1421617328.125,1421.617328125,1.918174067658e-09
1421617914.062,1421.617914062,1.924346075650e-09
1421618500.000,1421.618500000,1.894850411611e-09
1421619085.938,1421.619085937,1.923476011857e-09
1421619671.875,1421.619671875,1.891431730286e-09
1421620257.812,1421.620257813,1.925726867318e-09
1421620843.750,1421.620843750,1.914461137187e-09
1421621429.688,1421.621429688,1.903406930629e-09
1421622015.625,1421.622015625,1.886541516854e-09
1421622601.562,1421.622601562,1.884944672747e-09
1421623187.500,1421.623187500,2.011034715384e-09
1421623773.438,1421.623773437,2.035800106027e-09
1421624359.375,1421.624359375,1.871828447975e-09
1421624945.312,1421.624945312,1.949515339599e-09
1421625531.250,1421.625531250,2.087134602639e-09
1421626117.188,1421.626117188,2.059937561697e-09
1421626703.125,1421.626703125,1.990267181083e-09
1421627289.062,1421.627289063,2.143387949445e-09
1421627875.000,1421.627875000,2.214555136067e-09
1421628460.938,1421.628460937,1.997171586180e-09
1421629046.875,1421.629046875,1.983428078339e-09
1421629632.812,1421.629632812,2.006029584387e-09
1421630218.750,1421.630218750,2.118016710758e-09
1421630804.688,1421.630804687,2.029097448554e-09
1421631390.625,1421.631390625,2.074694612208e-09
1421631976.562,1421.631976563,2.061345553651e-09
1421632562.500,1421.632562500,2.010968551228e-09
1421633148.438,1421.633148438,2.015418586379e-09
1421633734.375,1421.633734375,1.914064674541e-09
1421634320.312,1421.634320312,1.871374170693e-09
1421634906.250,1421.634906250,1.877378016664e-09
1421635492.188,1421.635492187,1.950315813126e-09
1421636078.125,1421.636078125,1.882274799550e-09
1421636664.062,1421.636664062,1.872630064501e-09
1421637250.000,1421.637250000,1.949883920430e-09
1421637835.938,1421.637835938,1.880708168614e-09
1421638421.875,1421.638421875,1.791810569288e-09
1421639007.812,1421.639007813,1.837493108125e-09
1421639593.750,1421.639593750,1.978412440076e-09
1421640179.688,1421.640179687,1.978839918482e-09
1421640765.625,1421.640765625,2.088934567937e-09
1421641351.562,1421.641351562,2.183647274712e-09
1421641937.500,1421.641937500,2.108812599883e-09
1421642523.438,1421.642523437,2.085414795045e-09
1421643109.375,1421.643109375,2.176052614230e-09
1421643695.312,1421.643695313,2.098806257399e-09
1421644281.250,1421.644281250,2.011424328704e-09
1421644867.188,1421.644867188,2.094791721261e-09
1421645453.125,1421.645453125,2.044943832613e-09
1421646039.062,1421.646039062,2.034824402268e-09
1421646625.000,1421.646625000,2.026986313676e-09
1421647210.938,1421.647210937,2.066610911089e-09
1421647796.875,1421.647796875,2.019135032222e-09
1421648382.812,1421.648382812,1.958975993272e-09
1421648968.750,1421.648968750,2.046180521297e-09
1421649554.688,1421.649554688,2.064876941251e-09
1421650140.625,1421.650140625,1.916829698498e-09
1421650726.562,1421.650726563,2.068490088770e-09
1421651312.500,1421.651312500,2.158888659193e-09
1421651898.438,1421.651898437,1.991232576371e-09
1421652484.375,1421.652484375,1.942406642033e-09
1421653070.312,1421.653070312,2.015796210163e-09
1421653656.250,1421.653656250,2.025051597241e-09
1421654242.188,1421.654242187,1.981822669938e-09
1421654828.125,1421.654828125,2.074819746910e-09
1421655414.062,1421.655414063,2.151776981651e-09
1421656000.000,1421.656000000,2.189291062537e-09
1421656585.938,1421.656585938,2.171632576237e-09
1421657171.875,1421.657171875,2.192593831490e-09
1421657757.812,1421.657757812,2.232898578569e-09
1421658343.750,1421.658343750,2.211635402663e-09
1421658929.688,1421.658929687,2.224996516195e-09
1421659515.625,1421.659515625,2.258143988508e-09
1421660101.562,1421.660101562,2.199376196436e-09
1421660687.500,1421.660687500,2.187317663898e-09
1421661273.438,1421.661273438,2.133331398227e-09
1421661859.375,1421.661859375,2.082024934766e-09
1421662445.312,1421.662445313,2.089972574364e-09
1421663031.250,1421.663031250,2.093645322492e-09
1421663617.188,1421.663617187,2.135447522333e-09
1421664203.125,1421.664203125,2.048843852827e-09
1421664789.062,1421.664789062,1.886887859713e-09
1421665375.000,1421.665375000,1.782875097788e-09
1421665960.938,1421.665960937,1.781886756236e-09
1421666546.875,1421.666546875,1.841268838248e-09
1421667132.812,1421.667132813,2.063976459936e-09
1421667718.750,1421.667718750,2.018220453323e-09
1421668304.688,1421.668304688,1.862732282581e-09
1421668890.625,1421.668890625,1.830846468668e-09
1421669476.562,1421.669476562,1.897183735602e-09
1421670062.500,1421.670062500,2.027711146932e-09
1421670648.438,1421.670648437,2.085277783794e-09
1421671234.375,1421.671234375,2.166800973275e-09
1421671820.312,1421.671820312,2.044207510461e-09
1421672406.250,1421.672406250,2.061778354536e-09
1421672992.188,1421.672992188,2.041156381568e-09
1421673578.125,1421.673578125,2.165561768839e-09
1421674164.062,1421.674164063,2.328368920454e-09
1421674750.000,1421.674750000,2.401431224884e-09
1421675335.938,1421.675335937,2.222852298247e-09
1421675921.875,1421.675921875,2.175091844327e-09
1421676507.812,1421.676507812,2.196636980240e-09
1421677093.750,1421.677093750,2.087998550407e-09
1421677679.688,1421.677679687,2.068604052700e-09
1421678265.625,1421.678265625,2.011372401458e-09
1421678851.562,1421.678851563,2.009443159806e-09
1421679437.500,1421.679437500,2.049437605654e-09
1421680023.438,1421.680023438,2.063744093261e-09
1421680609.375,1421.680609375,1.933168248394e-09
1421681195.312,1421.681195312,1.791781048436e-09
1421681781.250,1421.681781250,1.811054955243e-09
1421682367.188,1421.682367187,1.910749920558e-09
1421682953.125,1421.682953125,1.923644945642e-09
1421683539.062,1421.683539062,1.906127702261e-09
1421684125.000,1421.684125000,1.884644353329e-09
1421684710.938,1421.684710938,1.926700466228e-09
1421685296.875,1421.685296875,1.906804895772e-09
1421685882.812,1421.685882813,1.918870703636e-09
1421686468.750,1421.686468750,1.956922677180e-09
1421687054.688,1421.687054687,1.948942564417e-09
1421687640.625,1421.687640625,1.986769607233e-09
1421688226.562,1421.688226562,2.019611018302e-09
1421688812.500,1421.688812500,2.038267006342e-09
1421689398.438,1421.689398437,2.103209045878e-09
1421689984.375,1421.689984375,2.117459489214e-09
1421690570.312,1421.690570313,2.092538733105e-09
1421691156.250,1421.691156250,1.994531650438e-09
1421691742.188,1421.691742188,1.957482822512e-09
1421692328.125,1421.692328125,1.907947451617e-09
1421692914.062,1421.692914062,1.966096316467e-09
1421693500.000,1421.693500000,2.027910545571e-09
1421694085.938,1421.694085937,1.822763562822e-09
1421694671.875,1421.694671875,1.846457399024e-09
1421695257.812,1421.695257812,1.862768518603e-09
1421695843.750,1421.695843750,1.855816198994e-09
1421696429.688,1421.696429688,1.754013247857e-09
1421697015.625,1421.697015625,1.851743974017e-09
1421697601.562,1421.697601563,1.951333891096e-09
1421698187.500,1421.698187500,1.889824578951e-09
1421698773.438,1421.698773437,1.866847728935e-09
1421699359.375,1421.699359375,1.906135973767e-09
1421699945.312,1421.699945312,1.937862397342e-09
1421700531.250,1421.700531250,1.928081701113e-09
1421701117.188,1421.701117187,1.996728048125e-09
1421701703.125,1421.701703125,2.060770906125e-09
1421702289.062,1421.702289063,2.021678877193e-09
1421702875.000,1421.702875000,2.047291264444e-09
1421703460.938,1421.703460938,2.150538576398e-09
1421704046.875,1421.704046875,2.170022622035e-09
1421704632.812,1421.704632812,2.088213819627e-09
1421705218.750,1421.705218750,2.063040761957e-09
1421705804.688,1421.705804687,2.016292482635e-09
1421706390.625,1421.706390625,1.947781233197e-09
1421706976.562,1421.706976562,2.010995359968e-09
1421707562.500,1421.707562500,2.013388346685e-09
1421708148.438,1421.708148438,2.058987344162e-09
1421708734.375,1421.708734375,2.036686446771e-09
1421709320.312,1421.709320313,2.002239056613e-09
1421709906.250,1421.709906250,1.841147260137e-09
1421710492.188,1421.710492187,1.887560092022e-09
1421711078.125,1421.711078125,1.853528460137e-09
1421711664.062,1421.711664062,1.806775300252e-09
1421712250.000,1421.712250000,1.932337881957e-09
1421712835.938,1421.712835937,2.089684912859e-09
1421713421.875,1421.713421875,1.986349898962e-09
1421714007.812,1421.714007813,1.935480008371e-09
1421714593.750,1421.714593750,1.896748233661e-09
1421715179.688,1421.715179688,1.986308368313e-09
1421715765.625,1421.715765625,2.052676137016e-09
1421716351.562,1421.716351562,2.136936380544e-09
1421716937.500,1421.716937500,2.069035517755e-09
1421717523.438,1421.717523437,2.015342817604e-09
1421718109.375,1421.718109375,2.040503475082e-09
1421718695.312,1421.718695312,2.152214986384e-09
1421719281.250,1421.719281250,2.137038620195e-09
1421719867.188,1421.719867188,2.100723205546e-09
1421720453.125,1421.720453125,2.173040085353e-09
1421721039.062,1421.721039063,2.117120996194e-09
1421721625.000,1421.721625000,2.157089188101e-09
1421722210.938,1421.722210937,2.197283822046e-09
1421722796.875,1421.722796875,2.275022556780e-09
1421723382.812,1421.723382812,2.193087234455e-09
1421723968.750,1421.723968750,2.043559317239e-09
1421724554.688,1421.724554687,1.911704070784e-09
1421725140.625,1421.725140625,1.990256114657e-09
1421725726.562,1421.725726563,2.095651741097e-09
1421726312.500,1421.726312500,1.902258410462e-09
1421726898.438,1421.726898438,1.861362412557e-09
1421727484.375,1421.727484375,1.949110096811e-09
1421728070.312,1421.728070312,2.105337622712e-09
1421728656.250,1421.728656250,2.038083064147e-09
1421729242.188,1421.729242187,1.983815384620e-09
1421729828.125,1421.729828125,2.079169039171e-09
1421730414.062,1421.730414062,2.033789620508e-09
1421731000.000,1421.731000000,2.036369223985e-09
1421731585.938,1421.731585938,2.082104243887e-09
1421732171.875,1421.732171875,2.146336990291e-09
1421732757.812,1421.732757813,2.129851404986e-09
1421733343.750,1421.733343750,2.203231955915e-09
1421733929.688,1421.733929687,2.176355535504e-09
1421734515.625,1421.734515625,2.271071808705e-09
1421735101.562,1421.735101562,2.306951585148e-09
1421735687.500,1421.735687500,2.184367718870e-09
1421736273.438,1421.736273437,2.118818283161e-09
1421736859.375,1421.736859375,2.072452616435e-09
1421737445.312,1421.737445313,1.973863545153e-09
1421738031.250,1421.738031250,2.044136631084e-09
1421738617.188,1421.738617188,2.291130149207e-09
1421739203.125,1421.739203125,2.175567843276e-09
1421739789.062,1421.739789062,1.994049981074e-09
1421740375.000,1421.740375000,1.975196111043e-09
1421740960.938,1421.740960937,1.974648422692e-09
1421741546.875,1421.741546875,1.905182526880e-09
1421742132.812,1421.742132812,1.987700453609e-09
1421742718.750,1421.742718750,2.022884585651e-09
1421743304.688,1421.743304688,2.009510625450e-09
1421743890.625,1421.743890625,1.961307678475e-09
1421744476.562,1421.744476563,1.996387255842e-09
1421745062.500,1421.745062500,2.205562527101e-09
1421745648.438,1421.745648437,2.152072767713e-09
1421746234.375,1421.746234375,2.131909309101e-09
1421746820.312,1421.746820312,2.196887952386e-09
1421747406.250,1421.747406250,2.213259994807e-09
1421747992.188,1421.747992187,2.238968884731e-09
1421748578.125,1421.748578125,2.229745499469e-09
1421749164.062,1421.749164063,2.226912767988e-09
1421749750.000,1421.749750000,2.150930522696e-09
1421750335.938,1421.750335938,2.205475169732e-09
1421750921.875,1421.750921875,2.255903505807e-09
1421751507.812,1421.751507812,2.113876751051e-09
1421752093.750,1421.752093750,2.169428766500e-09
1421752679.688,1421.752679687,2.222946930174e-09
1421753265.625,1421.753265625,2.089461539397e-09
1421753851.562,1421.753851562,2.064726813061e-09
1421754437.500,1421.754437500,2.056728734622e-09
1421755023.438,1421.755023438,2.105839061813e-09
1421755609.375,1421.755609375,2.125012864200e-09
1421756195.312,1421.756195313,2.127574853548e-09
1421756781.250,1421.756781250,2.251777611591e-09
1421757367.188,1421.757367187,2.075485647004e-09
1421757953.125,1421.757953125,2.069084304639e-09
1421758539.062,1421.758539062,2.242452233335e-09
1421759125.000,1421.759125000,2.238994691303e-09
1421759710.938,1421.759710937,2.227122200243e-09
1421760296.875,1421.760296875,2.364487725111e-09
1421760882.812,1421.760882813,2.620305292059e-09
1421761468.750,1421.761468750,2.332968953986e-09
1421762054.688,1421.762054688,2.427427049112e-09
1421762640.625,1421.762640625,2.388427121351e-09
1421763226.562,1421.763226562,2.312899709740e-09
1421763812.500,1421.763812500,2.272931802774e-09
1421764398.438,1421.764398437,2.279667241752e-09
1421764984.375,1421.764984375,2.282482347815e-09
1421765570.312,1421.765570312,2.299070762579e-09
1421766156.250,1421.766156250,2.353007672433e-09
1421766742.188,1421.766742188,2.167958163117e-09
1421767328.125,1421.767328125,2.033335474619e-09
1421767914.062,1421.767914063,2.018122129368e-09
1421768500.000,1421.768500000,2.060089094373e-09
1421769085.938,1421.769085937,2.017478778010e-09
1421769671.875,1421.769671875,1.932901867773e-09
1421770257.812,1421.770257812,1.949052401132e-09
1421770843.750,1421.770843750,1.953654335348e-09
1421771429.688,1421.771429687,1.990331854787e-09
1421772015.625,1421.772015625,2.123558322894e-09
1421772601.562,1421.772601563,1.988568018117e-09
1421773187.500,1421.773187500,1.962653578860e-09
1421773773.438,1421.773773438,2.089181478626e-09
1421774359.375,1421.774359375,2.185884776978e-09
1421774945.312,1421.774945312,2.139296172050e-09
1421775531.250,1421.775531250,2.065629330185e-09
1421776117.188,1421.776117187,2.226113451432e-09
1421776703.125,1421.776703125,2.254238426043e-09
1421777289.062,1421.777289062,2.139314021672e-09
1421777875.000,1421.777875000,2.235746135355e-09
1421778460.938,1421.778460938,2.331085361782e-09
1421779046.875,1421.779046875,2.367889063510e-09
1421779632.812,1421.779632813,2.196129311285e-09
1421780218.750,1421.780218750,2.130530904429e-09
1421780804.688,1421.780804687,2.063802405735e-09
1421781390.625,1421.781390625,2.145319756677e-09
1421781976.562,1421.781976562,2.050738610199e-09
1421782562.500,1421.782562500,2.113899091981e-09
1421783148.438,1421.783148437,2.178393596638e-09
1421783734.375,1421.783734375,2.092524361284e-09
1421784320.312,1421.784320313,2.049321167277e-09
1421784906.250,1421.784906250,2.019659600086e-09
1421785492.188,1421.785492188,1.933206647780e-09
1421786078.125,1421.786078125,1.959363736892e-09
1421786664.062,1421.786664062,1.966298014539e-09
1421787250.000,1421.787250000,2.011693928627e-09
1421787835.938,1421.787835937,2.040351265925e-09
1421788421.875,1421.788421875,2.060633455104e-09
1421789007.812,1421.789007812,2.045599216385e-09
1421789593.750,1421.789593750,2.006701243130e-09
1421790179.688,1421.790179688,2.126313099776e-09
1421790765.625,1421.790765625,2.128020899102e-09
1421791351.562,1421.791351563,2.207268849877e-09
1421791937.500,1421.791937500,2.240105784921e-09
1421792523.438,1421.792523437,2.152836524017e-09
1421793109.375,1421.793109375,2.166774278374e-09
1421793695.312,1421.793695312,2.169689223911e-09
1421794281.250,1421.794281250,2.185065608749e-09
1421794867.188,1421.794867187,2.277728027072e-09
1421795453.125,1421.795453125,2.361948770291e-09
1421796039.062,1421.796039063,2.330384991854e-09
1421796625.000,1421.796625000,2.353455685103e-09
1421797210.938,1421.797210938,2.209307787600e-09
1421797796.875,1421.797796875,2.056957280512e-09
1421798382.812,1421.798382812,2.057726210428e-09
1421798968.750,1421.798968750,2.123292382686e-09
1421799554.688,1421.799554687,2.100773322244e-09
1421800140.625,1421.800140625,2.077174999920e-09
1421800726.562,1421.800726562,2.025808115651e-09
1421801312.500,1421.801312500,1.957771837907e-09
1421801898.438,1421.801898438,2.014510280754e-09
1421802484.375,1421.802484375,2.014764535106e-09
1421803070.312,1421.803070313,2.084239973784e-09
1421803656.250,1421.803656250,2.133515408333e-09
1421804242.188,1421.804242187,2.177782807852e-09
1421804828.125,1421.804828125,2.234284776799e-09
1421805414.062,1421.805414062,2.214297758860e-09
1421806000.000,1421.806000000,2.330470919160e-09
1421806585.938,1421.806585937,2.330254637109e-09
1421807171.875,1421.807171875,2.150342956458e-09
1421807757.812,1421.807757813,2.177397566867e-09
1421808343.750,1421.808343750,2.258679753360e-09
1421808929.688,1421.808929688,2.384061384617e-09
1421809515.625,1421.809515625,2.449487265990e-09
1421810101.562,1421.810101562,2.465351299805e-09
1421810687.500,1421.810687500,2.279021512787e-09
1421811273.438,1421.811273437,2.225525576706e-09
1421811859.375,1421.811859375,2.149529166257e-09
1421812445.312,1421.812445312,2.027280666989e-09
1421813031.250,1421.813031250,2.085920359108e-09
1421813617.188,1421.813617188,2.138860951010e-09
1421814203.125,1421.814203125,2.033710219879e-09
1421814789.062,1421.814789063,2.042921484339e-09
1421815375.000,1421.815375000,2.103929519131e-09
1421815960.938,1421.815960937,2.068487584307e-09
1421816546.875,1421.816546875,1.993597929873e-09
1421817132.812,1421.817132812,1.991876555771e-09
1421817718.750,1421.817718750,2.127904151024e-09
1421818304.688,1421.818304687,2.054861113357e-09
1421818890.625,1421.818890625,2.078709803053e-09
1421819476.562,1421.819476563,2.183926995709e-09
1421820062.500,1421.820062500,2.244204248946e-09
1421820648.438,1421.820648438,2.242381078610e-09
1421821234.375,1421.821234375,2.277456078071e-09
1421821820.312,1421.821820312,2.339128906222e-09
1421822406.250,1421.822406250,2.318467965331e-09
1421822992.188,1421.822992187,2.273776437906e-09
1421823578.125,1421.823578125,2.158984851661e-09
1421824164.062,1421.824164062,2.239411824064e-09
1421824750.000,1421.824750000,2.430963837294e-09
1421825335.938,1421.825335938,2.562809497829e-09
1421825921.875,1421.825921875,2.327050787748e-09
1421826507.812,1421.826507813,2.194182229303e-09
1421827093.750,1421.827093750,2.154083776345e-09
1421827679.688,1421.827679687,2.208503125982e-09
1421828265.625,1421.828265625,2.194970875530e-09
1421828851.562,1421.828851562,2.204642227812e-09
1421829437.500,1421.829437500,2.213567732419e-09
1421830023.438,1421.830023437,2.065051509669e-09
1421830609.375,1421.830609375,2.076399499696e-09
1421831195.312,1421.831195313,2.201369185878e-09
1421831781.250,1421.831781250,2.137807797202e-09
1421832367.188,1421.832367188,2.141344854227e-09
1421832953.125,1421.832953125,2.228100407165e-09
1421833539.062,1421.833539062,2.093873387592e-09
1421834125.000,1421.834125000,2.123289576301e-09
1421834710.938,1421.834710937,2.296049068671e-09
1421835296.875,1421.835296875,2.465533948371e-09
1421835882.812,1421.835882812,2.295566720411e-09
1421836468.750,1421.836468750,2.289603835788e-09
1421837054.688,1421.837054688,2.337516624921e-09
1421837640.625,1421.837640625,2.376239512389e-09
1421838226.562,1421.838226563,2.392340341273e-09
1421838812.500,1421.838812500,2.377940023838e-09
1421839398.438,1421.839398437,2.439186254694e-09
1421839984.375,1421.839984375,2.505881484431e-09
1421840570.312,1421.840570312,2.520350528028e-09
1421841156.250,1421.841156250,2.476969051334e-09
1421841742.188,1421.841742187,2.397670090106e-09
1421842328.125,1421.842328125,2.348963066856e-09
1421842914.062,1421.842914063,2.301144271449e-09
1421843500.000,1421.843500000,2.240162269542e-09
1421844085.938,1421.844085938,2.199044540873e-09
1421844671.875,1421.844671875,2.154434492562e-09
1421845257.812,1421.845257812,2.144254400790e-09
1421845843.750,1421.845843750,2.042228667505e-09
1421846429.688,1421.846429687,1.994850063150e-09
1421847015.625,1421.847015625,1.947370777919e-09
1421847601.562,1421.847601562,2.030319189595e-09
1421848187.500,1421.848187500,2.225204027100e-09
1421848773.438,1421.848773438,2.196254661461e-09
1421849359.375,1421.849359375,2.117849235046e-09
1421849945.312,1421.849945313,2.172409905678e-09
1421850531.250,1421.850531250,2.246946912733e-09
1421851117.188,1421.851117187,2.196965796155e-09
1421851703.125,1421.851703125,2.266818082671e-09
1421852289.062,1421.852289062,2.510774559785e-09
1421852875.000,1421.852875000,2.598239464029e-09
1421853460.938,1421.853460937,2.458088227702e-09
1421854046.875,1421.854046875,2.512016683012e-09
1421854632.812,1421.854632813,2.584339173387e-09
1421855218.750,1421.855218750,2.379593619701e-09
1421855804.688,1421.855804688,2.281720274251e-09
1421856390.625,1421.856390625,2.363963222315e-09
1421856976.562,1421.856976562,2.395685676276e-09
1421857562.500,1421.857562500,2.411661530201e-09
1421858148.438,1421.858148437,2.542115548119e-09
1421858734.375,1421.858734375,2.346126364002e-09
1421859320.312,1421.859320312,2.246170972125e-09
1421859906.250,1421.859906250,2.130662407718e-09
1421860492.188,1421.860492188,2.038282849817e-09
1421861078.125,1421.861078125,2.035409540539e-09
1421861664.062,1421.861664063,2.134549322273e-09
1421862250.000,1421.862250000,2.093243442191e-09
1421862835.938,1421.862835937,2.069739610557e-09
1421863421.875,1421.863421875,2.186832322872e-09
1421864007.812,1421.864007812,2.037699715881e-09
1421864593.750,1421.864593750,1.918967964739e-09
1421865179.688,1421.865179687,2.032622598779e-09
1421865765.625,1421.865765625,2.049929586646e-09
1421866351.562,1421.866351563,2.089350363815e-09
1421866937.500,1421.866937500,2.182678505599e-09
1421867523.438,1421.867523438,2.210748072276e-09
1421868109.375,1421.868109375,2.179159239219e-09
1421868695.312,1421.868695312,2.264765165804e-09
1421869281.250,1421.869281250,2.244358713766e-09
1421869867.188,1421.869867187,2.214119286422e-09
1421870453.125,1421.870453125,2.258539889382e-09
1421871039.062,1421.871039062,2.301649558449e-09
1421871625.000,1421.871625000,2.274237492167e-09
1421872210.938,1421.872210938,2.338724818165e-09
1421872796.875,1421.872796875,2.166193831394e-09
1421873382.812,1421.873382813,2.115032212504e-09
1421873968.750,1421.873968750,2.234303007169e-09
1421874554.688,1421.874554687,2.047951397771e-09
1421875140.625,1421.875140625,1.980940064687e-09
1421875726.562,1421.875726562,2.018110598839e-09
1421876312.500,1421.876312500,2.116920268218e-09
1421876898.438,1421.876898437,2.154071053713e-09
1421877484.375,1421.877484375,2.157514558362e-09
1421878070.312,1421.878070313,2.195281948950e-09
1421878656.250,1421.878656250,2.150118248144e-09
1421879242.188,1421.879242188,2.157489771326e-09
1421879828.125,1421.879828125,2.227177195392e-09
1421880414.062,1421.880414062,2.215103416636e-09
1421881000.000,1421.881000000,2.275185737038e-09
1421881585.938,1421.881585937,2.400705030779e-09
1421882171.875,1421.882171875,2.414455022659e-09
1421882757.812,1421.882757812,2.432154052837e-09
1421883343.750,1421.883343750,2.317286056390e-09
1421883929.688,1421.883929688,2.274511336177e-09
1421884515.625,1421.884515625,2.358536409890e-09
1421885101.562,1421.885101563,2.306049307828e-09
1421885687.500,1421.885687500,2.336143698639e-09
1421886273.438,1421.886273437,2.253160316912e-09
1421886859.375,1421.886859375,2.188280183621e-09
1421887445.312,1421.887445312,2.235621939547e-09
1421888031.250,1421.888031250,2.264719970391e-09
1421888617.188,1421.888617187,2.210482221037e-09
1421889203.125,1421.889203125,2.104249535809e-09
1421889789.062,1421.889789063,2.193286556955e-09
1421890375.000,1421.890375000,2.118377121281e-09
1421890960.938,1421.890960938,2.106260815137e-09
1421891546.875,1421.891546875,2.178682649009e-09
1421892132.812,1421.892132812,2.154955245163e-09
1421892718.750,1421.892718750,2.043817573459e-09
1421893304.688,1421.893304687,2.075309226708e-09
1421893890.625,1421.893890625,2.130273434807e-09
1421894476.562,1421.894476562,2.115066786409e-09
1421895062.500,1421.895062500,2.137681845601e-09
1421895648.438,1421.895648438,2.398733333671e-09
1421896234.375,1421.896234375,2.436781132781e-09
1421896820.312,1421.896820313,2.372533316196e-09
1421897406.250,1421.897406250,2.267694809315e-09
1421897992.188,1421.897992187,2.337479167070e-09
1421898578.125,1421.898578125,2.290876602976e-09
1421899164.062,1421.899164062,2.374785419342e-09
1421899750.000,1421.899750000,2.576297997854e-09
1421900335.938,1421.900335937,2.477879453137e-09
1421900921.875,1421.900921875,2.428649062442e-09
1421901507.812,1421.901507813,2.309687875979e-09
1421902093.750,1421.902093750,2.237820129768e-09
1421902679.688,1421.902679688,2.191750588349e-09
1421903265.625,1421.903265625,2.201569916444e-09
1421903851.562,1421.903851562,2.159141313270e-09
1421904437.500,1421.904437500,2.101206381760e-09
1421905023.438,1421.905023437,1.961374339455e-09
1421905609.375,1421.905609375,2.035063308513e-09
1421906195.312,1421.906195312,2.138680962407e-09
1421906781.250,1421.906781250,2.077436286601e-09
1421907367.188,1421.907367188,2.091716014758e-09
1421907953.125,1421.907953125,1.992294215810e-09
1421908539.062,1421.908539063,1.975926540074e-09
1421909125.000,1421.909125000,2.214482686116e-09
1421909710.938,1421.909710937,2.370427027555e-09
1421910296.875,1421.910296875,2.401563841267e-09
1421910882.812,1421.910882812,2.216191236512e-09
1421911468.750,1421.911468750,2.299909311252e-09
1421912054.688,1421.912054687,2.318204318455e-09
1421912640.625,1421.912640625,2.309776081180e-09
1421913226.562,1421.913226563,2.264482126310e-09
1421913812.500,1421.913812500,2.242179191395e-09
1421914398.438,1421.914398438,2.374154629354e-09
1421914984.375,1421.914984375,2.422385066626e-09
1421915570.312,1421.915570312,2.436881992646e-09
1421916156.250,1421.916156250,2.330558004979e-09
1421916742.188,1421.916742187,2.222458744234e-09
1421917328.125,1421.917328125,2.106833034253e-09
1421917914.062,1421.917914062,2.148638439635e-09
1421918500.000,1421.918500000,2.059504311889e-09
1421919085.938,1421.919085938,2.297578723066e-09
1421919671.875,1421.919671875,2.306568528604e-09
1421920257.812,1421.920257813,2.189392970814e-09
1421920843.750,1421.920843750,2.175552422157e-09
1421921429.688,1421.921429687,2.199034359929e-09
1421922015.625,1421.922015625,2.204219636329e-09
1421922601.562,1421.922601562,2.135226554514e-09
1421923187.500,1421.923187500,2.267522324026e-09
1421923773.438,1421.923773437,2.301936986277e-09
1421924359.375,1421.924359375,2.277903117981e-09
1421924945.312,1421.924945313,2.281130987177e-09
1421925531.250,1421.925531250,2.340887942650e-09
1421926117.188,1421.926117188,2.411867802907e-09
1421926703.125,1421.926703125,2.415191216131e-09
1421927289.062,1421.927289062,2.421085760102e-09
1421927875.000,1421.927875000,2.391850711162e-09
1421928460.938,1421.928460937,2.449821205447e-09
1421929046.875,1421.929046875,2.426023391391e-09
1421929632.812,1421.929632812,2.384598699813e-09
1421930218.750,1421.930218750,2.379075987582e-09
1421930804.688,1421.930804688,2.377084645015e-09
1421931390.625,1421.931390625,2.431180401443e-09
1421931976.562,1421.931976563,2.366578609797e-09
1421932562.500,1421.932562500,2.246640363737e-09
1421933148.438,1421.933148437,2.271309302969e-09
1421933734.375,1421.933734375,2.245039491776e-09
1421934320.312,1421.934320312,2.195404877722e-09
1421934906.250,1421.934906250,2.178102897873e-09
1421935492.188,1421.935492187,2.080450609344e-09
1421936078.125,1421.936078125,2.092517004157e-09
1421936664.062,1421.936664063,2.143636558607e-09
1421937250.000,1421.937250000,2.143381425089e-09
1421937835.938,1421.937835938,2.080945668135e-09
1421938421.875,1421.938421875,2.127749504088e-09
1421939007.812,1421.939007812,2.249347118790e-09
1421939593.750,1421.939593750,2.251555442106e-09
1421940179.688,1421.940179687,2.327222763632e-09
1421940765.625,1421.940765625,2.307703561529e-09
1421941351.562,1421.941351562,2.275828976870e-09
1421941937.500,1421.941937500,2.404400613767e-09
1421942523.438,1421.942523438,2.351044091173e-09
1421943109.375,1421.943109375,2.318068376391e-09
1421943695.312,1421.943695313,2.442785647745e-09
1421944281.250,1421.944281250,2.470675231926e-09
1421944867.188,1421.944867187,2.379268649019e-09
1421945453.125,1421.945453125,2.193193068507e-09
1421946039.062,1421.946039062,2.202329295622e-09
1421946625.000,1421.946625000,2.258552657030e-09
1421947210.938,1421.947210937,2.337907255332e-09
1421947796.875,1421.947796875,2.338054448814e-09
1421948382.812,1421.948382813,2.268534646168e-09
1421948968.750,1421.948968750,2.192628511652e-09
1421949554.688,1421.949554688,2.203778909123e-09
1421950140.625,1421.950140625,2.173769255769e-09
1421950726.562,1421.950726562,2.172826389357e-09
1421951312.500,1421.951312500,2.121590013667e-09
1421951898.438,1421.951898437,2.075021242022e-09
1421952484.375,1421.952484375,2.096576179358e-09
1421953070.312,1421.953070312,2.144285734374e-09
1421953656.250,1421.953656250,2.132411256247e-09
1421954242.188,1421.954242188,2.266680028108e-09
1421954828.125,1421.954828125,2.324394397093e-09
1421955414.062,1421.955414063,2.286965283579e-09
1421956000.000,1421.956000000,2.298588325382e-09
1421956585.938,1421.956585937,2.306227923853e-09
1421957171.875,1421.957171875,2.292973260080e-09
1421957757.812,1421.957757812,2.225686166429e-09
1421958343.750,1421.958343750,2.218866185697e-09
1421958929.688,1421.958929687,2.190061377725e-09
1421959515.625,1421.959515625,2.271515217866e-09
1421960101.562,1421.960101563,2.286295490847e-09
1421960687.500,1421.960687500,2.318909816129e-09
1421961273.438,1421.961273438,2.253866389343e-09
1421961859.375,1421.961859375,2.135331792238e-09
1421962445.312,1421.962445312,2.133619584218e-09
1421963031.250,1421.963031250,2.104260815052e-09
1421963617.188,1421.963617187,2.132110242227e-09
1421964203.125,1421.964203125,2.219006403618e-09
1421964789.062,1421.964789062,2.276197376084e-09
1421965375.000,1421.965375000,2.098176953275e-09
1421965960.938,1421.965960938,2.114081832754e-09
1421966546.875,1421.966546875,2.047750585204e-09
1421967132.812,1421.967132813,1.990082517493e-09
1421967718.750,1421.967718750,2.065933945510e-09
1421968304.688,1421.968304687,2.152998422644e-09
1421968890.625,1421.968890625,2.213488613301e-09
1421969476.562,1421.969476562,2.268885809875e-09
1421970062.500,1421.970062500,2.355793501034e-09
1421970648.438,1421.970648437,2.279900627867e-09
1421971234.375,1421.971234375,2.293571548330e-09
1421971820.312,1421.971820313,2.444257188644e-09
1421972406.250,1421.972406250,2.425771202017e-09
1421972992.188,1421.972992188,2.341729294671e-09
1421973578.125,1421.973578125,2.361579953889e-09
1421974164.062,1421.974164062,2.327095163368e-09
1421974750.000,1421.974750000,2.343699914523e-09
1421975335.938,1421.975335937,2.343126772353e-09
1421975921.875,1421.975921875,2.384105916013e-09
1421976507.812,1421.976507812,2.283595012410e-09
1421977093.750,1421.977093750,2.256294984373e-09
1421977679.688,1421.977679688,2.344748041857e-09
1421978265.625,1421.978265625,2.261000839819e-09
1421978851.562,1421.978851563,2.194708140467e-09
1421979437.500,1421.979437500,2.172608101327e-09
1421980023.438,1421.980023437,2.102040403179e-09
1421980609.375,1421.980609375,2.013887424075e-09
1421981195.312,1421.981195312,1.962008146031e-09
1421981781.250,1421.981781250,1.972548413310e-09
1421982367.188,1421.982367187,2.206743118934e-09
1421982953.125,1421.982953125,2.128630258904e-09
1421983539.062,1421.983539063,2.138784267453e-09
1421984125.000,1421.984125000,2.165718914861e-09
1421984710.938,1421.984710938,2.159873455054e-09
1421985296.875,1421.985296875,2.151020542756e-09
1421985882.812,1421.985882812,2.151899230712e-09
1421986468.750,1421.986468750,2.356359589363e-09
1421987054.688,1421.987054687,2.355170748981e-09
1421987640.625,1421.987640625,2.345441243987e-09
1421988226.562,1421.988226562,2.177609723433e-09
1421988812.500,1421.988812500,2.306155813125e-09
1421989398.438,1421.989398438,2.308808199846e-09
1421989984.375,1421.989984375,2.223734695138e-09
1421990570.312,1421.990570313,2.330000809250e-09
1421991156.250,1421.991156250,2.331056492313e-09
1421991742.188,1421.991742187,2.256936071965e-09
1421992328.125,1421.992328125,2.241407037114e-09
1421992914.062,1421.992914062,2.231651625131e-09
1421993500.000,1421.993500000,2.197719931059e-09
1421994085.938,1421.994085937,2.062485960123e-09
1421994671.875,1421.994671875,2.047905257828e-09
1421995257.812,1421.995257813,1.989463843900e-09
1421995843.750,1421.995843750,1.979404939306e-09
1421996429.688,1421.996429688,2.162718887212e-09
1421997015.625,1421.997015625,2.190135777712e-09
1421997601.562,1421.997601562,2.161199897034e-09
1421998187.500,1421.998187500,2.221513700365e-09
1421998773.438,1421.998773437,2.280391727382e-09
1421999359.375,1421.999359375,2.304606639124e-09
1421999945.312,1421.999945312,2.387878454050e-09
1422000531.250,1422.000531250,2.452385850351e-09
1422001117.188,1422.001117188,2.391711233176e-09
1422001703.125,1422.001703125,2.328593939460e-09
1422002289.062,1422.002289063,2.305499933221e-09
1422002875.000,1422.002875000,2.387111980323e-09
1422003460.938,1422.003460937,2.608195023157e-09
1422004046.875,1422.004046875,2.523525560322e-09
1422004632.812,1422.004632812,2.409815645997e-09
1422005218.750,1422.005218750,2.492836278649e-09
1422005804.688,1422.005804687,2.293832699980e-09
1422006390.625,1422.006390625,2.274297580666e-09
1422006976.562,1422.006976563,2.232525778066e-09
1422007562.500,1422.007562500,2.215315620216e-09
1422008148.438,1422.008148438,2.312216045206e-09
1422008734.375,1422.008734375,2.356859479853e-09
1422009320.312,1422.009320312,2.230513467243e-09
1422009906.250,1422.009906250,2.126884499131e-09
1422010492.188,1422.010492187,2.195612104190e-09
1422011078.125,1422.011078125,2.071059623434e-09
1422011664.062,1422.011664062,2.028869518084e-09
1422012250.000,1422.012250000,2.129690800856e-09
1422012835.938,1422.012835938,2.114516032573e-09
1422013421.875,1422.013421875,2.223483771535e-09
1422014007.812,1422.014007813,2.241999888456e-09
1422014593.750,1422.014593750,2.206032054917e-09
1422015179.688,1422.015179687,2.269701465071e-09
1422015765.625,1422.015765625,2.432657379130e-09
1422016351.562,1422.016351562,2.352291840658e-09
1422016937.500,1422.016937500,2.394544963815e-09
1422017523.438,1422.017523437,2.501126830958e-09
1422018109.375,1422.018109375,2.497925846974e-09
1422018695.312,1422.018695313,2.461451484960e-09
1422019281.250,1422.019281250,2.454748871203e-09
1422019867.188,1422.019867188,2.383850159144e-09
1422020453.125,1422.020453125,2.350298235145e-09
1422021039.062,1422.021039062,2.389036622483e-09
1422021625.000,1422.021625000,2.405564741469e-09
1422022210.938,1422.022210937,2.355412393064e-09
1422022796.875,1422.022796875,2.262904690449e-09
1422023382.812,1422.023382812,2.250801351206e-09
1422023968.750,1422.023968750,2.159387361012e-09
1422024554.688,1422.024554688,2.138846999389e-09
1422025140.625,1422.025140625,2.114467587148e-09
1422025726.562,1422.025726563,2.176349367597e-09
1422026312.500,1422.026312500,2.074999693741e-09
1422026898.438,1422.026898437,2.011248228072e-09
1422027484.375,1422.027484375,2.102176528979e-09
1422028070.312,1422.028070312,2.026362589734e-09
1422028656.250,1422.028656250,2.022517867279e-09
1422029242.188,1422.029242187,2.138619249113e-09
1422029828.125,1422.029828125,2.344821547313e-09
1422030414.062,1422.030414063,2.404686611114e-09
1422031000.000,1422.031000000,2.341082916403e-09
1422031585.938,1422.031585938,2.382146038978e-09
1422032171.875,1422.032171875,2.304770111106e-09
1422032757.812,1422.032757812,2.229036441792e-09
1422033343.750,1422.033343750,2.329181449374e-09
1422033929.688,1422.033929687,2.507049734768e-09
1422034515.625,1422.034515625,2.532410554015e-09
1422035101.562,1422.035101562,2.490306428338e-09
1422035687.500,1422.035687500,2.505895815132e-09
1422036273.438,1422.036273438,2.372154593900e-09
1422036859.375,1422.036859375,2.218485587280e-09
1422037445.312,1422.037445313,2.247544493544e-09
1422038031.250,1422.038031250,2.333597506583e-09
1422038617.188,1422.038617187,2.236199721579e-09
1422039203.125,1422.039203125,2.185445434395e-09
1422039789.062,1422.039789062,2.224948916462e-09
1422040375.000,1422.040375000,2.091277149570e-09
1422040960.938,1422.040960937,1.998173280012e-09
1422041546.875,1422.041546875,2.059519184804e-09
1422042132.812,1422.042132813,2.099229528964e-09
1422042718.750,1422.042718750,2.140628672680e-09
1422043304.688,1422.043304688,2.126235574172e-09
1422043890.625,1422.043890625,2.068939168521e-09
1422044476.562,1422.044476562,2.056035858862e-09
1422045062.500,1422.045062500,2.077214450085e-09
1422045648.438,1422.045648437,2.170963631172e-09
1422046234.375,1422.046234375,2.312588435277e-09
1422046820.312,1422.046820312,2.522401501788e-09
1422047406.250,1422.047406250,2.319030392249e-09
1422047992.188,1422.047992188,2.312842534163e-09
1422048578.125,1422.048578125,2.267372121075e-09
1422049164.062,1422.049164063,2.324655423239e-09
1422049750.000,1422.049750000,2.333148689853e-09
1422050335.938,1422.050335937,2.482959202668e-09
1422050921.875,1422.050921875,2.451411846613e-09
1422051507.812,1422.051507812,2.267992677495e-09
1422052093.750,1422.052093750,2.295900423268e-09
1422052679.688,1422.052679687,2.180211935047e-09
1422053265.625,1422.053265625,2.154784364455e-09
1422053851.562,1422.053851563,2.075839072030e-09
1422054437.500,1422.054437500,2.094280719976e-09
1422055023.438,1422.055023438,2.094952077618e-09
1422055609.375,1422.055609375,2.004180350090e-09
1422056195.312,1422.056195312,2.094352803070e-09
1422056781.250,1422.056781250,2.098603257516e-09
1422057367.188,1422.057367187,2.103002875495e-09
1422057953.125,1422.057953125,2.160925575814e-09
1422058539.062,1422.058539062,2.164657795583e-09
1422059125.000,1422.059125000,2.046847106798e-09
1422059710.938,1422.059710938,2.022870522789e-09
1422060296.875,1422.060296875,2.141987524795e-09
1422060882.812,1422.060882813,2.189578051628e-09
1422061468.750,1422.061468750,2.335334434442e-09
1422062054.688,1422.062054687,2.343740315536e-09
1422062640.625,1422.062640625,2.191631809634e-09
1422063226.562,1422.063226562,2.277036842392e-09
1422063812.500,1422.063812500,2.301110228402e-09
1422064398.438,1422.064398437,2.193394518832e-09
1422064984.375,1422.064984375,2.211730169685e-09
1422065570.312,1422.065570313,2.310570886899e-09
1422066156.250,1422.066156250,2.381243058726e-09
1422066742.188,1422.066742188,2.435461972435e-09
1422067328.125,1422.067328125,2.378532721482e-09
1422067914.062,1422.067914062,2.225921010694e-09
1422068500.000,1422.068500000,2.054949785228e-09
1422069085.938,1422.069085937,1.929962800863e-09
1422069671.875,1422.069671875,2.011832007400e-09
1422070257.812,1422.070257812,2.016024405113e-09
1422070843.750,1422.070843750,1.994088639272e-09
1422071429.688,1422.071429688,1.966292529299e-09
1422072015.625,1422.072015625,1.963146159373e-09
1422072601.562,1422.072601563,2.002345429055e-09
1422073187.500,1422.073187500,1.921092630343e-09
1422073773.438,1422.073773437,1.955386418194e-09
1422074359.375,1422.074359375,2.047251535844e-09
1422074945.312,1422.074945312,2.029157902538e-09
1422075531.250,1422.075531250,2.084058217954e-09
1422076117.188,1422.076117187,2.255999941566e-09
1422076703.125,1422.076703125,2.250011195539e-09
1422077289.062,1422.077289063,2.118383384712e-09
1422077875.000,1422.077875000,2.228279781223e-09
1422078460.938,1422.078460938,2.263229927726e-09
1422079046.875,1422.079046875,2.221330257206e-09
1422079632.812,1422.079632812,2.188229575285e-09
1422080218.750,1422.080218750,2.261607577166e-09
1422080804.688,1422.080804687,2.162760929523e-09
1422081390.625,1422.081390625,2.102879343381e-09
1422081976.562,1422.081976562,2.002463067110e-09
1422082562.500,1422.082562500,1.925729314674e-09
1422083148.438,1422.083148438,1.981561239083e-09
1422083734.375,1422.083734375,1.980942179227e-09
1422084320.312,1422.084320313,2.018107136669e-09
1422084906.250,1422.084906250,2.026762058457e-09
1422085492.188,1422.085492187,2.013689432430e-09
1422086078.125,1422.086078125,2.076999202686e-09
1422086664.062,1422.086664062,1.916921349648e-09
1422087250.000,1422.087250000,1.823718873256e-09
1422087835.938,1422.087835937,1.836276992172e-09
1422088421.875,1422.088421875,1.881590499089e-09
1422089007.812,1422.089007813,1.955695448508e-09
1422089593.750,1422.089593750,1.985764633709e-09
1422090179.688,1422.090179688,2.073791203294e-09
1422090765.625,1422.090765625,2.160445486034e-09
1422091351.562,1422.091351562,2.126760580270e-09
1422091937.500,1422.091937500,2.135306863588e-09
1422092523.438,1422.092523437,2.088321868115e-09
1422093109.375,1422.093109375,2.122586154057e-09
1422093695.312,1422.093695312,2.164221513590e-09
1422094281.250,1422.094281250,2.179683505301e-09
1422094867.188,1422.094867188,2.287251777153e-09
1422095453.125,1422.095453125,2.257809363428e-09
1422096039.062,1422.096039063,2.239068923765e-09
1422096625.000,1422.096625000,2.049787492030e-09
1422097210.938,1422.097210937,2.024267796500e-09
1422097796.875,1422.097796875,2.046883823674e-09
1422098382.812,1422.098382812,2.035603216953e-09
1422098968.750,1422.098968750,2.056150946908e-09
1422099554.688,1422.099554687,1.995961059459e-09
1422100140.625,1422.100140625,2.018901556016e-09
1422100726.562,1422.100726563,1.971195032173e-09
1422101312.500,1422.101312500,1.897058820236e-09
1422101898.438,1422.101898438,1.933247595410e-09
1422102484.375,1422.102484375,1.913180957165e-09
1422103070.312,1422.103070312,1.878878674824e-09
1422103656.250,1422.103656250,1.945338943890e-09
1422104242.188,1422.104242187,2.032341203279e-09
1422104828.125,1422.104828125,2.010632097918e-09
1422105414.062,1422.105414062,2.129128337544e-09
1422106000.000,1422.106000000,2.116189636786e-09
1422106585.938,1422.106585938,2.121983066218e-09
1422107171.875,1422.107171875,2.171671472963e-09
1422107757.812,1422.107757813,2.194473460971e-09
1422108343.750,1422.108343750,2.158444155001e-09
1422108929.688,1422.108929687,2.080673140680e-09
1422109515.625,1422.109515625,2.123318358908e-09
1422110101.562,1422.110101562,2.156222224737e-09
1422110687.500,1422.110687500,2.164817631222e-09
1422111273.438,1422.111273437,2.088806290708e-09
1422111859.375,1422.111859375,2.079560822667e-09
1422112445.312,1422.112445313,1.972236114733e-09
1422113031.250,1422.113031250,1.883271549456e-09
1422113617.188,1422.113617188,1.987330041444e-09
1422114203.125,1422.114203125,2.068605113642e-09
1422114789.062,1422.114789062,1.939527435472e-09
1422115375.000,1422.115375000,1.887286937925e-09
1422115960.938,1422.115960937,1.833421853345e-09
1422116546.875,1422.116546875,1.845558936597e-09
1422117132.812,1422.117132812,1.790351209914e-09
1422117718.750,1422.117718750,1.812223493346e-09
1422118304.688,1422.118304688,1.884088588142e-09
1422118890.625,1422.118890625,1.915851071726e-09
1422119476.562,1422.119476563,1.946724868010e-09
1422120062.500,1422.120062500,2.009470136969e-09
1422120648.438,1422.120648437,2.032922500986e-09
1422121234.375,1422.121234375,2.056055738800e-09
1422121820.312,1422.121820312,2.111227396368e-09
1422122406.250,1422.122406250,2.015708801062e-09
1422122992.188,1422.122992187,2.042451149450e-09
1422123578.125,1422.123578125,2.143308805290e-09
1422124164.062,1422.124164063,2.231089507370e-09
1422124750.000,1422.124750000,2.185214621305e-09
1422125335.938,1422.125335938,2.048932037689e-09
1422125921.875,1422.125921875,2.022195532632e-09
1422126507.812,1422.126507812,2.046336525092e-09
1422127093.750,1422.127093750,2.092389763859e-09
1422127679.688,1422.127679687,1.975123659187e-09
1422128265.625,1422.128265625,1.975506201713e-09
1422128851.562,1422.128851562,1.890943183369e-09
1422129437.500,1422.129437500,1.846951046225e-09
1422130023.438,1422.130023438,1.855908206909e-09
1422130609.375,1422.130609375,1.819810417700e-09
1422131195.312,1422.131195313,1.736560292003e-09
1422131781.250,1422.131781250,1.707874231045e-09
1422132367.188,1422.132367187,1.772676620222e-09
1422132953.125,1422.132953125,1.723429940428e-09
1422133539.062,1422.133539062,1.812568718772e-09
1422134125.000,1422.134125000,1.811907600274e-09
1422134710.938,1422.134710937,1.746822054192e-09
1422135296.875,1422.135296875,1.704836380715e-09
1422135882.812,1422.135882813,1.822713534051e-09
1422136468.750,1422.136468750,1.895166177967e-09
1422137054.688,1422.137054688,1.787591872385e-09
1422137640.625,1422.137640625,1.822436537291e-09
1422138226.562,1422.138226562,1.866448645259e-09
1422138812.500,1422.138812500,1.873109277779e-09
1422139398.438,1422.139398437,1.816165899798e-09
1422139984.375,1422.139984375,1.889021982592e-09
1422140570.312,1422.140570312,1.940980746881e-09
1422141156.250,1422.141156250,2.019410738877e-09
1422141742.188,1422.141742188,1.859106313172e-09
1422142328.125,1422.142328125,1.766282895335e-09
1422142914.062,1422.142914063,1.741480356559e-09
1422143500.000,1422.143500000,1.710349782893e-09
1422144085.938,1422.144085937,1.709299040794e-09
1422144671.875,1422.144671875,1.766703270572e-09
1422145257.812,1422.145257812,1.740309376816e-09
1422145843.750,1422.145843750,1.613390382113e-09
1422146429.688,1422.146429687,1.508545554954e-09
1422147015.625,1422.147015625,1.589734546249e-09
1422147601.562,1422.147601563,1.654467396589e-09
1422148187.500,1422.148187500,1.648850786034e-09
1422148773.438,1422.148773438,1.745605476513e-09
1422149359.375,1422.149359375,1.830358987702e-09
1422149945.312,1422.149945312,1.757251593828e-09
1422150531.250,1422.150531250,1.788546742068e-09
1422151117.188,1422.151117187,1.782988844450e-09
1422151703.125,1422.151703125,1.817241848484e-09
1422152289.062,1422.152289062,1.807084330507e-09
1422152875.000,1422.152875000,1.844954269237e-09
1422153460.938,1422.153460938,1.858665430823e-09
1422154046.875,1422.154046875,1.817014664990e-09
1422154632.812,1422.154632813,1.847662384297e-09
1422155218.750,1422.155218750,1.847166198842e-09
1422155804.688,1422.155804687,1.863097678907e-09
1422156390.625,1422.156390625,1.803152258045e-09
1422156976.562,1422.156976562,1.788607274311e-09
1422157562.500,1422.157562500,1.846918217934e-09
1422158148.438,1422.158148437,1.742696638506e-09
1422158734.375,1422.158734375,1.632368106033e-09
1422159320.312,1422.159320313,1.586566182026e-09
1422159906.250,1422.159906250,1.580509622537e-09
1422160492.188,1422.160492188,1.549715940860e-09
1422161078.125,1422.161078125,1.612219993433e-09
1422161664.062,1422.161664062,1.708269850142e-09
1422162250.000,1422.162250000,1.620677226898e-09
1422162835.938,1422.162835937,1.550167067304e-09
1422163421.875,1422.163421875,1.663299936718e-09
1422164007.812,1422.164007812,1.768130973507e-09
1422164593.750,1422.164593750,1.702506013045e-09
1422165179.688,1422.165179688,1.670883839152e-09
1422165765.625,1422.165765625,1.634333850715e-09
1422166351.562,1422.166351563,1.656230341467e-09
1422166937.500,1422.166937500,1.659085346777e-09
1422167523.438,1422.167523437,1.754125847847e-09
1422168109.375,1422.168109375,1.901844125906e-09
1422168695.312,1422.168695312,1.825867492101e-09
1422169281.250,1422.169281250,1.739233326509e-09
1422169867.188,1422.169867187,1.742530834613e-09
1422170453.125,1422.170453125,1.707738288291e-09
1422171039.062,1422.171039063,1.695254374265e-09
1422171625.000,1422.171625000,1.730695247531e-09
1422172210.938,1422.172210938,1.671273160056e-09
1422172796.875,1422.172796875,1.667975898768e-09
1422173382.812,1422.173382812,1.721088580750e-09
1422173968.750,1422.173968750,1.601929054135e-09
1422174554.688,1422.174554687,1.534538900570e-09
1422175140.625,1422.175140625,1.548215094558e-09
1422175726.562,1422.175726562,1.561901266734e-09
1422176312.500,1422.176312500,1.601104558051e-09
1422176898.438,1422.176898438,1.616176528915e-09
1422177484.375,1422.177484375,1.612562039148e-09
1422178070.312,1422.178070313,1.539218169590e-09
1422178656.250,1422.178656250,1.521577045517e-09
1422179242.188,1422.179242187,1.533634852826e-09
1422179828.125,1422.179828125,1.600655040136e-09
1422180414.062,1422.180414062,1.700980546686e-09
1422181000.000,1422.181000000,1.705772312815e-09
1422181585.938,1422.181585937,1.676653427892e-09
1422182171.875,1422.182171875,1.694632422677e-09
1422182757.812,1422.182757813,1.682454459182e-09
1422183343.750,1422.183343750,1.707038020944e-09
1422183929.688,1422.183929688,1.792275734304e-09
1422184515.625,1422.184515625,1.915573007801e-09
1422185101.562,1422.185101562,1.713801150785e-09
1422185687.500,1422.185687500,1.667982996578e-09
1422186273.438,1422.186273437,1.699798917490e-09
1422186859.375,1422.186859375,1.730894797702e-09
1422187445.312,1422.187445312,1.716566296901e-09
1422188031.250,1422.188031250,1.683602789200e-09
1422188617.188,1422.188617188,1.720635058448e-09
1422189203.125,1422.189203125,1.648116369737e-09
1422189789.062,1422.189789063,1.611547304433e-09
1422190375.000,1422.190375000,1.517584417694e-09
1422190960.938,1422.190960937,1.497939313570e-09
1422191546.875,1422.191546875,1.497960087319e-09
1422192132.812,1422.192132812,1.571639635019e-09
1422192718.750,1422.192718750,1.556539679994e-09
1422193304.688,1422.193304687,1.499867399210e-09
1422193890.625,1422.193890625,1.492973541318e-09
1422194476.562,1422.194476563,1.548839846871e-09
1422195062.500,1422.195062500,1.570307340880e-09
1422195648.438,1422.195648438,1.665386234723e-09
1422196234.375,1422.196234375,1.770717813058e-09
1422196820.312,1422.196820312,1.758245697752e-09
1422197406.250,1422.197406250,1.723790207772e-09
1422197992.188,1422.197992187,1.756640836948e-09
1422198578.125,1422.198578125,1.714885425967e-09
1422199164.062,1422.199164062,1.725527718765e-09
1422199750.000,1422.199750000,1.705914384765e-09
1422200335.938,1422.200335938,1.673858694039e-09
1422200921.875,1422.200921875,1.658782366893e-09
1422201507.812,1422.201507813,1.677644606119e-09
1422202093.750,1422.202093750,1.600479199776e-09
1422202679.688,1422.202679687,1.553450589501e-09
1422203265.625,1422.203265625,1.509284455491e-09
1422203851.562,1422.203851562,1.473815253327e-09
1422204437.500,1422.204437500,1.446196892608e-09
1422205023.438,1422.205023437,1.477145308243e-09
1422205609.375,1422.205609375,1.452013246237e-09
1422206195.312,1422.206195313,1.415348291363e-09
1422206781.250,1422.206781250,1.454482772164e-09
1422207367.188,1422.207367188,1.369171653245e-09
1422207953.125,1422.207953125,1.384990977385e-09
1422208539.062,1422.208539062,1.400258016541e-09
1422209125.000,1422.209125000,1.404060864232e-09
1422209710.938,1422.209710937,1.401908057969e-09
1422210296.875,1422.210296875,1.576910239625e-09
1422210882.812,1422.210882812,1.714654951509e-09
1422211468.750,1422.211468750,1.653103713245e-09
1422212054.688,1422.212054688,1.612261954995e-09
1422212640.625,1422.212640625,1.616858267445e-09
1422213226.562,1422.213226563,1.550250616079e-09
1422213812.500,1422.213812500,1.564911375601e-09
1422214398.438,1422.214398437,1.661442204225e-09
1422214984.375,1422.214984375,1.693184158078e-09
1422215570.312,1422.215570312,1.580165680119e-09
1422216156.250,1422.216156250,1.557468261045e-09
1422216742.188,1422.216742187,1.558205234751e-09
1422217328.125,1422.217328125,1.579739328528e-09
1422217914.062,1422.217914063,1.530996192660e-09
1422218500.000,1422.218500000,1.504838856705e-09
1422219085.938,1422.219085938,1.455573280678e-09
1422219671.875,1422.219671875,1.398649778439e-09
1422220257.812,1422.220257812,1.352780727135e-09
1422220843.750,1422.220843750,1.365285566418e-09
1422221429.688,1422.221429687,1.399819148284e-09
1422222015.625,1422.222015625,1.438898142220e-09
1422222601.562,1422.222601562,1.335007913662e-09
1422223187.500,1422.223187500,1.260765281267e-09
1422223773.438,1422.223773438,1.371896261270e-09
1422224359.375,1422.224359375,1.375021603750e-09
1422224945.312,1422.224945313,1.407523817050e-09
1422225531.250,1422.225531250,1.469237423965e-09
1422226117.188,1422.226117187,1.507631272213e-09
1422226703.125,1422.226703125,1.504378052635e-09
1422227289.062,1422.227289062,1.565012792864e-09
1422227875.000,1422.227875000,1.559453187220e-09
1422228460.938,1422.228460937,1.582364199646e-09
1422229046.875,1422.229046875,1.463200809625e-09
1422229632.812,1422.229632813,1.493257127587e-09
1422230218.750,1422.230218750,1.502738526610e-09
1422230804.688,1422.230804688,1.388424746110e-09
1422231390.625,1422.231390625,1.456728606867e-09
1422231976.562,1422.231976562,1.505390161848e-09
1422232562.500,1422.232562500,1.468006059460e-09
1422233148.438,1422.233148437,1.303579410512e-09
1422233734.375,1422.233734375,1.350761701228e-09
1422234320.312,1422.234320312,1.356011078204e-09
1422234906.250,1422.234906250,1.274684530310e-09
1422235492.188,1422.235492188,1.290036649419e-09
1422236078.125,1422.236078125,1.309745311873e-09
1422236664.062,1422.236664063,1.298683980094e-09
1422237250.000,1422.237250000,1.258589842530e-09
1422237835.938,1422.237835937,1.277372746515e-09
1422238421.875,1422.238421875,1.318581463202e-09
1422239007.812,1422.239007812,1.307292559223e-09
1422239593.750,1422.239593750,1.335512864250e-09
1422240179.688,1422.240179687,1.345593228078e-09
1422240765.625,1422.240765625,1.352666255196e-09
1422241351.562,1422.241351563,1.354619050234e-09
1422241937.500,1422.241937500,1.341379191635e-09
1422242523.438,1422.242523438,1.369135146480e-09
1422243109.375,1422.243109375,1.352673272012e-09
1422243695.312,1422.243695312,1.369881512167e-09
1422244281.250,1422.244281250,1.340228979061e-09
1422244867.188,1422.244867187,1.318927991422e-09
1422245453.125,1422.245453125,1.363123559006e-09
1422246039.062,1422.246039062,1.433380149930e-09
1422246625.000,1422.246625000,1.360072393608e-09
1422247210.938,1422.247210938,1.338542593730e-09
1422247796.875,1422.247796875,1.338800721413e-09
1422248382.812,1422.248382813,1.220668330320e-09
1422248968.750,1422.248968750,1.182350374548e-09
1422249554.688,1422.249554687,1.220703922223e-09
1422250140.625,1422.250140625,1.214666748506e-09
1422250726.562,1422.250726562,1.204946056528e-09
1422251312.500,1422.251312500,1.213620449068e-09
1422251898.438,1422.251898437,1.241178668031e-09
1422252484.375,1422.252484375,1.263355928064e-09
1422253070.312,1422.253070313,1.232571327050e-09
1422253656.250,1422.253656250,1.226304253998e-09
1422254242.188,1422.254242188,1.281594074648e-09
1422254828.125,1422.254828125,1.249784110686e-09
1422255414.062,1422.255414062,1.255333391963e-09
1422256000.000,1422.256000000,1.284090251135e-09
1422256585.938,1422.256585937,1.252081579335e-09
1422257171.875,1422.257171875,1.248273947303e-09
1422257757.812,1422.257757812,1.337055337789e-09
1422258343.750,1422.258343750,1.397123788961e-09
1422258929.688,1422.258929688,1.396244714777e-09
1422259515.625,1422.259515625,1.390910914753e-09
1422260101.562,1422.260101563,1.307423632674e-09
1422260687.500,1422.260687500,1.319718934539e-09
1422261273.438,1422.261273437,1.320152127983e-09
1422261859.375,1422.261859375,1.316011576784e-09
1422262445.312,1422.262445312,1.285925543007e-09
1422263031.250,1422.263031250,1.257297453881e-09
1422263617.188,1422.263617187,1.238706145092e-09
1422264203.125,1422.264203125,1.238449787783e-09
1422264789.062,1422.264789063,1.239555355540e-09
1422265375.000,1422.265375000,1.190544164857e-09
1422265960.938,1422.265960938,1.194212471805e-09
1422266546.875,1422.266546875,1.137887670312e-09
1422267132.812,1422.267132812,1.130358401124e-09
1422267718.750,1422.267718750,1.166526523647e-09
1422268304.688,1422.268304687,1.156233699077e-09
1422268890.625,1422.268890625,1.196659235000e-09
1422269476.562,1422.269476562,1.222355377798e-09
1422270062.500,1422.270062500,1.224913227893e-09
1422270648.438,1422.270648438,1.246896339169e-09
1422271234.375,1422.271234375,1.220718258523e-09
1422271820.312,1422.271820313,1.257870261780e-09
1422272406.250,1422.272406250,1.316865616782e-09
1422272992.188,1422.272992187,1.284777808954e-09
1422273578.125,1422.273578125,1.346997353856e-09
1422274164.062,1422.274164062,1.366154582609e-09
1422274750.000,1422.274750000,1.312621750140e-09
1422275335.938,1422.275335937,1.224491003550e-09
1422275921.875,1422.275921875,1.252495735195e-09
1422276507.812,1422.276507813,1.261149721003e-09
1422277093.750,1422.277093750,1.209761776690e-09
1422277679.688,1422.277679688,1.203457024959e-09
1422278265.625,1422.278265625,1.124477289802e-09
1422278851.562,1422.278851562,1.125848886128e-09
1422279437.500,1422.279437500,1.108838719648e-09
1422280023.438,1422.280023437,1.114920788446e-09
1422280609.375,1422.280609375,1.131399590455e-09
1422281195.312,1422.281195312,1.110003389443e-09
1422281781.250,1422.281781250,1.055489420413e-09
1422282367.188,1422.282367188,1.048172682792e-09
1422282953.125,1422.282953125,1.079560834774e-09
1422283539.062,1422.283539063,1.100167958982e-09
1422284125.000,1422.284125000,1.131300310680e-09
1422284710.938,1422.284710937,1.165640958569e-09
1422285296.875,1422.285296875,1.138043818784e-09
1422285882.812,1422.285882812,1.116581854202e-09
1422286468.750,1422.286468750,1.138021405927e-09
1422287054.688,1422.287054687,1.216174771892e-09
1422287640.625,1422.287640625,1.232730526573e-09
1422288226.562,1422.288226563,1.227531602303e-09
1422288812.500,1422.288812500,1.233677805662e-09
1422289398.438,1422.289398438,1.191780719352e-09
1422289984.375,1422.289984375,1.202139528776e-09
1422290570.312,1422.290570312,1.206182163785e-09
1422291156.250,1422.291156250,1.159734939309e-09
1422291742.188,1422.291742187,1.123653083862e-09
1422292328.125,1422.292328125,1.116612980215e-09
1422292914.062,1422.292914062,1.109375433509e-09
1422293500.000,1422.293500000,1.095094807107e-09
1422294085.938,1422.294085938,1.083315185378e-09
1422294671.875,1422.294671875,1.068380889808e-09
1422295257.812,1422.295257813,1.049271070963e-09
1422295843.750,1422.295843750,1.021051855793e-09
1422296429.688,1422.296429687,1.021892405591e-09
1422297015.625,1422.297015625,9.939154059410e-10
1422297601.562,1422.297601562,9.935235464412e-10
1422298187.500,1422.298187500,1.023674716924e-09
1422298773.438,1422.298773437,1.028874529739e-09
1422299359.375,1422.299359375,1.083659168017e-09
1422299945.312,1422.299945313,1.102715782168e-09
1422300531.250,1422.300531250,1.077065023689e-09
1422301117.188,1422.301117188,1.094166909502e-09
1422301703.125,1422.301703125,1.118489010797e-09
1422302289.062,1422.302289062,1.104370191189e-09
1422302875.000,1422.302875000,1.092542483803e-09
1422303460.938,1422.303460937,1.131327144868e-09
1422304046.875,1422.304046875,1.184265832423e-09
1422304632.812,1422.304632812,1.163203231043e-09
1422305218.750,1422.305218750,1.156977185083e-09
1422305804.688,1422.305804688,1.210975423548e-09
1422306390.625,1422.306390625,1.174511758480e-09
1422306976.562,1422.306976563,1.052956721821e-09
1422307562.500,1422.307562500,1.106492797589e-09
1422308148.438,1422.308148437,1.138487320628e-09
1422308734.375,1422.308734375,1.105129516862e-09
1422309320.312,1422.309320312,1.021741934259e-09
1422309906.250,1422.309906250,9.887288124529e-10
1422310492.188,1422.310492187,1.042933499797e-09
1422311078.125,1422.311078125,9.638687564054e-10
1422311664.062,1422.311664063,9.996567700981e-10
1422312250.000,1422.312250000,1.037430933820e-09
1422312835.938,1422.312835938,1.013489609030e-09
1422313421.875,1422.313421875,9.418797576939e-10
1422314007.812,1422.314007812,1.046435318920e-09
1422314593.750,1422.314593750,1.067398261152e-09
1422315179.688,1422.315179687,9.476239181742e-10
1422315765.625,1422.315765625,9.484518227290e-10
1422316351.562,1422.316351562,1.022298131053e-09
1422316937.500,1422.316937500,1.123046740676e-09
1422317523.438,1422.317523438,1.094914141094e-09
1422318109.375,1422.318109375,1.032417873483e-09
1422318695.312,1422.318695313,1.062723509802e-09
1422319281.250,1422.319281250,1.043129453871e-09
1422319867.188,1422.319867187,1.020246798681e-09
1422320453.125,1422.320453125,1.039856867775e-09
1422321039.062,1422.321039062,1.093116676864e-09
1422321625.000,1422.321625000,1.047582930147e-09
1422322210.938,1422.322210937,9.802383047023e-10
1422322796.875,1422.322796875,9.966296183779e-10
1422323382.812,1422.323382813,9.134001145843e-10
1422323968.750,1422.323968750,9.403441248605e-10
1422324554.688,1422.324554688,9.498788511312e-10
1422325140.625,1422.325140625,8.793851877956e-10
1422325726.562,1422.325726562,8.976445116391e-10
1422326312.500,1422.326312500,8.881870286228e-10
1422326898.438,1422.326898437,8.795363048175e-10
1422327484.375,1422.327484375,8.859037305787e-10
1422328070.312,1422.328070312,8.978581094001e-10
1422328656.250,1422.328656250,8.859461947870e-10
1422329242.188,1422.329242188,8.986209357802e-10
1422329828.125,1422.329828125,9.616859844259e-10
1422330414.062,1422.330414063,9.801451447547e-10
1422331000.000,1422.331000000,9.654679575962e-10
1422331585.938,1422.331585937,1.004791450702e-09
1422332171.875,1422.332171875,9.954823157041e-10
1422332757.812,1422.332757812,9.450919137748e-10
1422333343.750,1422.333343750,9.800781452479e-10
1422333929.688,1422.333929687,9.543563913363e-10
1422334515.625,1422.334515625,9.931590923176e-10
1422335101.562,1422.335101563,9.599418517703e-10
1422335687.500,1422.335687500,9.426637760583e-10
1422336273.438,1422.336273438,9.376233084659e-10
1422336859.375,1422.336859375,8.965158264097e-10
1422337445.312,1422.337445312,8.895709312505e-10
1422338031.250,1422.338031250,9.035318070183e-10
1422338617.188,1422.338617187,8.932620678508e-10
1422339203.125,1422.339203125,8.406405243811e-10
1422339789.062,1422.339789062,8.325664122949e-10
1422340375.000,1422.340375000,8.377508733132e-10
1422340960.938,1422.340960938,8.562691946343e-10
1422341546.875,1422.341546875,8.401578007073e-10
1422342132.812,1422.342132813,8.344913303350e-10
1422342718.750,1422.342718750,8.727462772008e-10
1422343304.688,1422.343304687,8.767634727682e-10
1422343890.625,1422.343890625,8.616856794644e-10
1422344476.562,1422.344476562,8.925193086989e-10
1422345062.500,1422.345062500,9.187615558562e-10
1422345648.438,1422.345648437,8.541807744092e-10
1422346234.375,1422.346234375,8.976514582464e-10
1422346820.312,1422.346820313,9.108373366337e-10
1422347406.250,1422.347406250,9.286180321848e-10
1422347992.188,1422.347992188,9.400471175350e-10
1422348578.125,1422.348578125,9.264152458210e-10
1422349164.062,1422.349164062,9.017831047836e-10
1422349750.000,1422.349750000,9.138534956962e-10
1422350335.938,1422.350335937,9.138382764821e-10
1422350921.875,1422.350921875,9.012545423251e-10
1422351507.812,1422.351507812,9.292750978293e-10
1422352093.750,1422.352093750,9.184782227242e-10
1422352679.688,1422.352679688,8.718638193889e-10
1422353265.625,1422.353265625,8.405147119020e-10
1422353851.562,1422.353851563,8.178922186006e-10
1422354437.500,1422.354437500,7.981978933537e-10
1422355023.438,1422.355023437,8.229388498476e-10
1422355609.375,1422.355609375,8.414998999573e-10
1422356195.312,1422.356195312,8.028491759309e-10
1422356781.250,1422.356781250,8.454553499067e-10
1422357367.188,1422.357367187,8.395763509355e-10
1422357953.125,1422.357953125,8.464926688536e-10
1422358539.062,1422.358539063,8.452890920592e-10
1422359125.000,1422.359125000,8.189049443123e-10
1422359710.938,1422.359710938,8.551182046823e-10
1422360296.875,1422.360296875,8.817313641128e-10
1422360882.812,1422.360882812,8.870094896903e-10
1422361468.750,1422.361468750,9.086127344408e-10
1422362054.688,1422.362054687,9.490330557527e-10
1422362640.625,1422.362640625,9.363257518564e-10
1422363226.562,1422.363226562,9.012628675653e-10
1422363812.500,1422.363812500,9.104924670874e-10
1422364398.438,1422.364398438,9.824555812637e-10
1422364984.375,1422.364984375,9.549152755642e-10
1422365570.312,1422.365570313,8.762988690141e-10
1422366156.250,1422.366156250,8.748606556186e-10
1422366742.188,1422.366742187,9.204606817067e-10
1422367328.125,1422.367328125,8.806407837774e-10
1422367914.062,1422.367914062,8.452675257810e-10
1422368500.000,1422.368500000,8.505858556353e-10
1422369085.938,1422.369085937,8.066780929839e-10
1422369671.875,1422.369671875,7.753422687376e-10
1422370257.812,1422.370257813,7.663014713567e-10
1422370843.750,1422.370843750,7.710927885807e-10
1422371429.688,1422.371429688,7.602140603186e-10
1422372015.625,1422.372015625,7.667107330503e-10
1422372601.562,1422.372601562,7.512630251860e-10
1422373187.500,1422.373187500,7.761801648228e-10
1422373773.438,1422.373773437,7.741997844069e-10
1422374359.375,1422.374359375,7.919072717996e-10
1422374945.312,1422.374945312,8.243996266822e-10
1422375531.250,1422.375531250,8.527169119894e-10
1422376117.188,1422.376117188,8.617895650788e-10
1422376703.125,1422.376703125,8.733865550746e-10
1422377289.062,1422.377289063,8.598229536510e-10
1422377875.000,1422.377875000,8.483608039190e-10
1422378460.938,1422.378460937,8.731783045760e-10
1422379046.875,1422.379046875,8.995777510278e-10
1422379632.812,1422.379632812,9.064531002581e-10
1422380218.750,1422.380218750,8.539333152772e-10
1422380804.688,1422.380804687,8.333758652048e-10
1422381390.625,1422.381390625,8.048696039201e-10
1422381976.562,1422.381976563,8.116127787745e-10
1422382562.500,1422.382562500,8.320258779764e-10
1422383148.438,1422.383148438,8.153577199473e-10
1422383734.375,1422.383734375,7.922528340281e-10
1422384320.312,1422.384320312,7.961708043084e-10
1422384906.250,1422.384906250,7.901021196226e-10
1422385492.188,1422.385492187,7.779579304381e-10
1422386078.125,1422.386078125,7.477291942754e-10
1422386664.062,1422.386664062,7.975727841386e-10
1422387250.000,1422.387250000,7.989865877515e-10
1422387835.938,1422.387835938,7.359457910560e-10
1422388421.875,1422.388421875,7.173536819680e-10
1422389007.812,1422.389007813,7.557624114043e-10
1422389593.750,1422.389593750,7.741054558316e-10
1422390179.688,1422.390179687,8.233895666759e-10
1422390765.625,1422.390765625,8.362155010247e-10
1422391351.562,1422.391351562,7.869143526646e-10
1422391937.500,1422.391937500,7.830098416924e-10
1422392523.438,1422.392523437,8.013424932843e-10
1422393109.375,1422.393109375,8.090436262927e-10
1422393695.312,1422.393695313,8.209828712182e-10
1422394281.250,1422.394281250,8.118729559580e-10
1422394867.188,1422.394867188,8.120190206796e-10
1422395453.125,1422.395453125,7.922943699355e-10
1422396039.062,1422.396039062,7.483710032295e-10
1422396625.000,1422.396625000,7.673770883475e-10
1422397210.938,1422.397210937,7.606484586955e-10
1422397796.875,1422.397796875,7.504412344753e-10
1422398382.812,1422.398382812,7.099912429852e-10
1422398968.750,1422.398968750,7.084093944963e-10
1422399554.688,1422.399554688,7.127474685738e-10
1422400140.625,1422.400140625,7.085396571218e-10
1422400726.562,1422.400726563,7.038842961218e-10
1422401312.500,1422.401312500,7.011104206862e-10
1422401898.438,1422.401898437,7.407400472879e-10
1422402484.375,1422.402484375,7.006807206232e-10
1422403070.312,1422.403070312,7.358116821875e-10
1422403656.250,1422.403656250,7.038890031296e-10
1422404242.188,1422.404242187,7.160682666477e-10
1422404828.125,1422.404828125,7.695888182180e-10
1422405414.062,1422.405414063,7.722113254612e-10
